train00035.jpg 1 pressure 138 324 277 418 132 382 246 299 280 345 166 428
train00035.jpg 1 knife 86 187 173 350 77 194 142 179 178 337 114 352
train00035.jpg 1 electronicequipment 65 157 196 358 72 182 207 144 261 335 127 374
train00035.jpg 1 electronicequipment 86 99 522 350 71 153 446 60 509 312 134 406
train00035.jpg 1 lighter 992 208 1036 338 1010 207 1039 209 1032 334 1003 332
train00035.jpg 1 knife 1034 98 1078 346 1036 97 1080 98 1075 346 1031 345
train00035.jpg 1 knife 997 407 1147 555 1026 389 1151 543 1115 572 991 418
train00035.jpg 1 knife 978 471 1194 540 981 461 1200 512 1192 548 973 497
train00035.jpg 1 glassbottle 1005 416 1194 493 1005 414 1194 417 1193 494 1004 491
train00035.jpg 1 knife 231 324 335 445 211 347 232 321 354 427 332 452
