train00584.jpg 1 metalbottle 292 140 468 374 279 163 376 119 477 346 380 390
train00584.jpg 1 pressure 476 36 637 295 466 61 551 28 646 275 561 308
train00584.jpg 1 knife 485 131 557 334 479 136 500 129 568 325 547 332
train00584.jpg 1 metalbottle 384 114 516 281 369 146 473 105 534 256 430 297
train00584.jpg 1 electronicequipment 227 162 356 352 211 187 249 159 368 323 329 351
train00584.jpg 1 glassbottle 213 293 370 480 296 284 376 325 290 494 210 453
train00584.jpg 1 electronicequipment 284 47 465 233 413 47 466 113 313 236 260 171
train00584.jpg 1 electronicequipment 307 63 488 314 296 111 399 63 494 268 392 315
train00584.jpg 1 battery 875 289 946 366 919 289 946 310 903 366 875 345
train00584.jpg 1 battery 183 24 249 54 186 24 249 33 246 54 183 45
