train00175.jpg 1 battery 125 150 283 315 198 128 280 166 197 344 115 305
train00175.jpg 1 knife 225 407 282 524 221 410 274 402 293 518 239 527
train00175.jpg 1 knife 236 372 390 580 220 411 303 359 426 554 342 606
train00175.jpg 1 electronicequipment 170 356 366 462 166 420 356 359 370 402 180 464
train00175.jpg 1 knife 929 365 1118 478 941 361 1129 415 1109 486 921 432
train00175.jpg 1 battery 934 394 1099 492 947 404 1099 434 1086 500 934 470
train00175.jpg 1 knife 1054 162 1167 372 1020 173 1109 141 1186 352 1097 385
train00175.jpg 1 OCbottle 185 256 380 389 173 298 358 252 386 364 200 410
train00175.jpg 1 electronicequipment 1081 294 1167 447 1149 292 1223 334 1154 453 1080 410
train00175.jpg 1 battery 139 261 178 328 159 261 178 267 158 328 139 322
train00175.jpg 1 battery 111 205 157 270 143 205 157 213 125 270 111 262
train00175.jpg 1 battery 67 259 132 328 67 311 113 259 132 275 86 328
