train01201.jpg 1 OCbottle 177 233 554 387 201 223 548 322 522 410 176 311
train01201.jpg 1 knife 214 330 487 432 222 299 498 368 484 428 207 359
train01201.jpg 1 knife 358 384 540 499 349 467 523 374 543 412 369 505
train01201.jpg 1 lighter 521 296 586 416 531 327 561 319 584 410 554 417
train01201.jpg 1 OCbottle 306 40 472 273 275 76 348 27 486 232 413 281
train01201.jpg 1 OCbottle 550 6 834 264 606 -37 831 213 766 272 541 21
train01201.jpg 1 lighter 309 399 368 507 342 420 369 432 333 512 306 500
train01201.jpg 1 electronicequipment 1074 437 1197 542 1084 486 1205 447 1222 499 1101 539
train01201.jpg 1 lighter 1093 507 1195 557 1090 511 1180 524 1176 550 1086 537
train01201.jpg 1 metalbottle 447 38 644 258 504 26 658 176 573 264 419 115
train01201.jpg 1 battery 451 150 568 235 451 182 551 150 568 203 468 235
train01201.jpg 1 battery 1124 478 1190 518 1130 478 1190 496 1184 518 1124 501
