train00933.jpg 1 battery 71 211 178 412 69 225 146 210 180 384 103 399
train00933.jpg 1 electronicequipment 117 314 293 505 112 367 203 313 292 460 201 515
train00933.jpg 1 knife 161 211 401 366 167 207 403 343 390 366 154 230
train00933.jpg 1 electronicequipment 167 369 314 561 216 361 311 392 256 560 162 529
train00933.jpg 1 lighter 213 274 305 361 211 344 281 271 305 294 235 366
train00933.jpg 1 OCbottle 121 157 348 289 134 156 350 202 331 292 115 246
train00933.jpg 1 OCbottle 301 235 411 536 311 237 413 239 408 534 306 532
train00933.jpg 1 electronicequipment 82 252 245 454 136 250 235 277 187 456 88 430
train00933.jpg 1 lighter 190 403 230 503 194 402 231 402 231 501 194 501
train00933.jpg 1 metalbottle 254 288 463 491 254 288 463 288 463 491 254 491
