train00593.jpg 1 umbrella 891 263 1053 568 877 295 964 258 1085 542 998 580
train00593.jpg 1 battery 936 268 1054 352 932 296 1046 266 1062 326 948 357
train00593.jpg 1 lighter 599 151 717 230 625 207 705 149 722 172 641 230
train00593.jpg 1 glassbottle 403 241 649 415 388 372 609 229 654 297 432 440
train00593.jpg 1 lighter 548 266 642 351 567 265 636 327 615 350 546 288
train00593.jpg 1 lighter 399 350 485 467 461 347 487 364 420 463 394 446
train00593.jpg 1 OCbottle 387 177 589 351 593 222 429 355 383 297 547 165
train00593.jpg 1 electronicequipment 203 51 746 529 518 11 753 237 429 572 194 346
train00593.jpg 1 battery 934 345 1018 382 934 364 1013 345 1018 362 938 382
train00593.jpg 1 battery 659 223 718 273 659 259 707 223 718 237 670 273
