train00030.jpg 1 knife 221 261 325 415 277 246 329 272 253 420 202 394
train00030.jpg 1 lighter 77 231 108 359 83 234 106 235 104 358 81 358
train00030.jpg 1 lighter 141 462 217 583 150 480 172 470 219 575 197 585
train00030.jpg 1 lighter 167 459 226 573 163 480 187 470 227 564 203 574
train00030.jpg 1 OCbottle 232 556 375 654 232 600 357 547 382 606 257 659
train00030.jpg 1 OCbottle 202 429 284 559 195 440 266 426 291 550 219 564
train00030.jpg 1 OCbottle 91 216 209 385 126 212 222 240 178 394 81 366
train00030.jpg 1 pressure 241 299 374 452 334 292 381 324 286 460 239 427
train00030.jpg 1 pressure 970 260 1154 347 973 259 1170 270 1166 346 969 335
train00030.jpg 1 OCbottle 130 418 280 611 130 453 202 418 280 576 208 611
train00030.jpg 1 battery 161 177 228 217 161 199 221 177 228 195 168 217
train00030.jpg 1 battery 155 206 216 233 157 206 216 215 213 233 155 225
train00030.jpg 1 battery 175 334 218 394 175 342 190 334 218 386 203 394
