train00761.jpg 1 lighter 584 248 621 357 582 248 619 247 622 356 585 357
train00761.jpg 1 lighter 550 260 593 375 548 260 590 259 594 374 552 375
train00761.jpg 1 pressure 383 142 631 414 371 189 450 128 636 367 558 428
train00761.jpg 1 metalbottle 92 282 260 416 85 357 215 262 272 340 142 435
train00761.jpg 1 knife 172 264 593 447 184 253 607 375 581 466 158 344
train00761.jpg 1 electronicequipment 103 366 285 577 77 432 140 362 315 519 251 589
train00761.jpg 1 battery 328 537 484 621 338 535 483 556 473 623 328 603
train00761.jpg 1 battery 240 579 292 601 241 579 292 580 291 601 240 599
train00761.jpg 1 battery 70 400 103 439 70 409 86 400 103 430 87 439
train00761.jpg 1 OCbottle 1012 212 1153 317 1012 234 1138 212 1153 295 1026 317
