train01354.jpg 1 pressure 181 356 599 460 180 370 585 370 585 446 180 446
train01354.jpg 1 OCbottle 273 249 503 513 243 303 325 232 510 445 428 516
train01354.jpg 1 electronicequipment 155 449 338 649 153 519 232 448 344 572 265 643
train01354.jpg 1 lighter 67 431 171 529 82 455 103 435 177 510 157 530
train01354.jpg 1 lighter 112 460 204 564 113 483 134 464 214 552 193 571
train01354.jpg 1 knife 303 372 437 553 302 391 338 364 466 533 430 560
train01354.jpg 1 battery 243 492 379 551 256 514 375 489 382 526 264 551
train01354.jpg 1 OCbottle 333 461 542 610 327 540 498 441 548 527 376 627
train01354.jpg 1 OCbottle 68 335 241 508 62 388 140 325 247 457 169 520
train01354.jpg 1 battery 203 561 270 626 203 577 217 561 270 611 256 626
train01354.jpg 1 battery 196 468 254 538 196 483 219 468 254 523 230 538
