train00378.jpg 1 pressure 293 199 681 460 356 202 692 388 645 473 309 287
train00378.jpg 1 electronicequipment 598 293 723 431 585 296 698 273 728 418 616 441
train00378.jpg 1 glassbottle 546 135 706 324 520 179 602 112 731 272 649 339
train00378.jpg 1 metalbottle 649 172 777 314 633 202 706 156 793 290 721 337
train00378.jpg 1 lighter 646 136 738 211 652 122 773 192 749 233 628 163
train00378.jpg 1 knife 495 211 625 352 481 219 521 186 644 337 604 370
train00378.jpg 1 electronicequipment 494 232 669 340 527 199 684 326 645 373 489 246
train00378.jpg 1 lighter 638 297 679 402 626 279 671 274 684 399 639 404
train00378.jpg 1 battery 676 249 747 307 688 249 747 268 735 307 676 288
train00378.jpg 1 battery 675 216 710 275 678 216 710 217 707 275 675 274
