train01273.jpg 1 electronicequipment 202 80 448 209 203 131 424 76 449 176 228 231
train01273.jpg 1 lighter 384 159 505 209 390 178 506 155 512 185 396 208
train01273.jpg 1 OCbottle 128 306 436 439 140 296 439 343 423 447 123 400
train01273.jpg 1 knife 152 116 339 217 150 142 338 122 345 186 157 206
train01273.jpg 1 lighter 85 204 122 283 102 203 125 209 107 288 84 282
train01273.jpg 1 lighter 77 135 181 224 95 202 170 131 184 146 109 217
train01273.jpg 1 metalbottle 101 166 234 345 149 154 250 195 184 359 83 318
train01273.jpg 1 knife 894 385 977 503 950 377 994 400 933 514 889 491
train01273.jpg 1 lighter 860 450 957 479 860 450 957 450 957 479 860 479
train01273.jpg 1 OCbottle 407 102 556 305 470 102 556 133 493 305 407 274
train01273.jpg 1 knife 171 218 297 348 251 218 297 260 217 348 171 307
train01273.jpg 1 battery 183 126 216 183 183 130 204 126 216 178 196 183
train01273.jpg 1 battery 89 143 149 202 134 143 149 157 103 202 89 188
train01273.jpg 1 battery 420 94 483 127 420 104 479 94 483 117 424 127
train01273.jpg 1 OCbottle 254 243 449 337 255 243 449 247 448 337 254 334
