train00500.jpg 1 battery 196 277 329 360 210 267 330 310 308 370 188 327
train00500.jpg 1 metalbottle 285 221 486 305 287 218 486 239 479 309 279 288
train00500.jpg 1 knife 141 116 404 289 154 106 449 305 428 337 132 137
train00500.jpg 1 glassbottle 619 176 720 283 646 168 730 202 691 298 607 265
train00500.jpg 1 electronicequipment 497 92 663 267 587 83 671 143 576 273 493 213
train00500.jpg 1 electronicequipment 502 281 734 352 495 332 733 282 738 304 500 354
train00500.jpg 1 lighter 547 315 655 345 547 315 655 315 655 345 547 345
train00500.jpg 1 lighter 978 291 1040 388 983 288 1044 294 1034 390 973 384
train00500.jpg 1 lighter 604 275 729 304 603 277 728 272 729 301 604 306
train00500.jpg 1 lighter 375 283 475 335 374 284 474 281 475 333 375 336
train00500.jpg 1 electronicequipment 331 302 537 368 331 309 535 302 537 361 333 368
train00500.jpg 1 lighter 176 340 302 367 176 337 302 342 301 369 175 364
train00500.jpg 1 battery 467 245 530 302 467 260 479 245 530 288 518 302
train00500.jpg 1 battery 610 287 685 321 610 305 681 287 685 303 614 321
train00500.jpg 1 battery 336 311 412 348 336 324 408 311 412 335 340 348
train00500.jpg 1 battery 324 118 439 181 332 118 439 137 431 181 324 162
