train00048.jpg 1 battery 881 146 1036 260 879 178 1037 138 1059 226 901 266
train00048.jpg 1 electronicequipment 871 343 1036 493 852 389 880 345 1061 458 1034 502
train00048.jpg 1 OCbottle 321 60 495 317 423 41 525 89 405 345 303 297
train00048.jpg 1 knife 155 210 557 400 128 311 529 189 558 283 156 405
train00048.jpg 1 metalbottle 132 294 244 586 138 294 246 296 241 586 133 585
train00048.jpg 1 lighter 431 518 555 556 439 520 563 531 561 560 437 549
train00048.jpg 1 glassbottle 273 412 510 609 252 509 454 393 524 514 322 630
train00048.jpg 1 electronicequipment 520 434 595 535 533 431 601 441 587 539 519 530
train00048.jpg 1 umbrella 418 324 615 527 554 317 619 375 479 531 414 472
train00048.jpg 1 OCbottle 873 251 1036 423 947 239 1058 335 973 434 861 337
train00048.jpg 1 OCbottle 186 510 285 610 237 499 297 533 245 623 186 589
train00048.jpg 1 battery 954 189 1007 269 978 189 1007 199 983 269 954 259
train00048.jpg 1 battery 893 318 924 375 899 318 924 321 917 375 893 372
train00048.jpg 1 lighter 442 498 523 592 500 498 523 515 465 592 442 574
