train01466.jpg 1 electronicequipment 184 149 712 609 510 92 718 279 393 640 185 453
train01466.jpg 1 knife 140 490 534 632 134 603 523 469 537 509 148 642
train01466.jpg 1 umbrella 271 377 650 521 293 373 649 469 635 521 279 426
train01466.jpg 1 metalbottle 411 295 596 431 446 283 592 382 553 440 407 341
train01466.jpg 1 lighter 555 403 664 434 557 405 663 405 663 432 557 432
train01466.jpg 1 OCbottle 269 194 491 381 262 323 418 183 489 261 333 402
train01466.jpg 1 metalbottle 884 420 1025 533 886 466 1023 427 1043 497 906 536
train01466.jpg 1 umbrella 878 317 982 548 910 345 981 357 947 547 876 535
train01466.jpg 1 knife 953 301 1025 549 1019 306 1053 317 980 555 946 545
train01466.jpg 1 battery 344 189 402 262 380 189 402 202 365 262 344 249
