train00922.jpg 1 OCbottle 408 68 555 194 401 130 528 65 562 133 435 198
train00922.jpg 1 lighter 519 252 634 352 540 251 636 334 611 362 516 279
train00922.jpg 1 battery 198 100 355 297 320 98 377 152 242 296 185 242
train00922.jpg 1 lighter 133 197 202 306 182 193 207 208 148 304 123 288
train00922.jpg 1 knife 223 215 413 313 223 284 400 213 414 249 238 320
train00922.jpg 1 knife 386 90 497 310 449 86 525 115 445 325 369 296
train00922.jpg 1 knife 1049 217 1092 381 1043 222 1077 218 1095 383 1060 386
train00922.jpg 1 electronicequipment 1109 259 1154 389 1132 254 1180 262 1158 387 1110 378
train00922.jpg 1 lighter 1076 255 1127 385 1094 257 1128 260 1117 381 1084 378
train00922.jpg 1 metalbottle 272 245 444 409 272 254 436 245 444 400 280 409
