train00984.jpg 1 pressure 391 313 568 622 497 300 580 332 466 629 382 597
train00984.jpg 1 lighter 525 189 556 313 523 189 554 188 557 312 526 313
train00984.jpg 1 OCbottle 324 125 641 282 341 114 654 193 626 305 313 227
train00984.jpg 1 lighter 273 131 338 244 272 132 306 124 335 239 301 248
train00984.jpg 1 battery 113 126 278 221 107 155 276 125 287 191 118 221
train00984.jpg 1 electronicequipment 166 186 418 313 186 173 420 214 401 323 166 282
train00984.jpg 1 OCbottle 128 210 440 385 156 174 452 294 409 401 112 281
train00984.jpg 1 lighter 774 420 844 478 776 426 851 445 843 478 768 459
train00984.jpg 1 lighter 762 483 844 520 768 476 850 493 843 526 761 509
train00984.jpg 1 battery 319 330 391 394 319 352 374 330 391 372 335 394
train00984.jpg 1 battery 781 428 841 500 823 428 841 441 800 500 781 486
train00984.jpg 1 OCbottle 776 324 845 518 779 324 845 325 842 518 776 517
