train00976.jpg 1 pressure 133 196 535 308 129 224 528 189 536 278 137 313
train00976.jpg 1 glassbottle 198 307 505 393 195 321 501 300 506 371 200 392
train00976.jpg 1 lighter 144 493 255 536 148 504 255 491 259 523 152 536
train00976.jpg 1 knife 269 523 404 568 268 519 406 548 400 574 262 545
train00976.jpg 1 lighter 191 309 228 419 189 309 226 308 229 417 192 418
train00976.jpg 1 glassbottle 219 370 602 534 233 370 602 416 588 534 219 488
train00976.jpg 1 lighter 1044 184 1155 234 1041 208 1147 178 1156 211 1050 241
train00976.jpg 1 glassbottle 996 234 1203 383 996 315 1170 234 1203 302 1029 383
train00976.jpg 1 battery 1016 221 1053 276 1016 225 1046 221 1053 272 1023 276
train00976.jpg 1 battery 148 249 196 292 158 249 196 277 186 292 148 264
train00976.jpg 1 battery 155 423 232 470 162 423 232 454 225 470 155 439
train00976.jpg 1 electronicequipment 196 272 407 337 196 287 404 272 407 322 199 337
train00976.jpg 1 metalbottle 371 287 521 368 371 292 518 287 521 363 374 368
train00976.jpg 1 battery 143 526 166 576 146 526 166 527 163 576 143 575
