train01297.jpg 1 knife 413 240 565 618 542 235 583 250 446 626 405 611
train01297.jpg 1 knife 208 358 281 491 205 370 242 356 288 480 250 494
train01297.jpg 1 lighter 258 416 303 518 253 436 274 428 307 510 286 518
train01297.jpg 1 lighter 256 434 339 515 280 441 340 500 321 520 261 460
train01297.jpg 1 metalbottle 1039 344 1152 500 1059 339 1157 355 1133 506 1035 491
train01297.jpg 1 lighter 1089 398 1178 487 1132 400 1158 415 1103 506 1077 491
train01297.jpg 1 lighter 1028 482 1130 553 1036 484 1117 513 1108 538 1027 508
train01297.jpg 1 knife 1147 397 1197 537 1155 404 1186 402 1193 524 1161 526
train01297.jpg 1 OCbottle 1087 209 1197 330 1073 289 1183 206 1226 263 1116 346
train01297.jpg 1 OCbottle 1053 404 1191 579 1122 402 1208 449 1130 590 1044 542
train01297.jpg 1 battery 359 392 470 492 359 452 441 392 470 432 387 492
