train01115.jpg 1 umbrella 116 257 338 560 91 300 177 240 366 509 280 569
train01115.jpg 1 knife 237 281 425 342 237 281 425 281 425 342 237 342
train01115.jpg 1 metalbottle 277 286 386 431 275 286 384 285 387 430 278 431
train01115.jpg 1 glassbottle 350 241 552 502 457 213 577 282 417 559 297 489
train01115.jpg 1 battery 172 189 397 293 170 223 379 152 407 235 199 306
train01115.jpg 1 lighter 232 108 383 183 227 152 374 95 385 124 238 180
train01115.jpg 1 electronicequipment 211 190 412 307 198 227 386 174 408 252 221 305
train01115.jpg 1 OCbottle 220 244 439 345 218 248 437 237 442 337 224 349
train01115.jpg 1 electronicequipment 265 103 458 221 264 156 427 90 460 171 297 237
train01115.jpg 1 battery 294 105 368 163 294 146 356 105 368 123 305 163
