train00347.jpg 1 electronicequipment 119 131 678 507 123 158 658 130 676 485 141 513
train00347.jpg 1 battery 270 344 449 533 394 342 448 381 334 538 280 499
train00347.jpg 1 metalbottle 1011 305 1179 549 1072 292 1236 332 1181 555 1017 514
train00347.jpg 1 knife 609 191 752 253 610 202 746 192 750 244 614 254
train00347.jpg 1 knife 423 297 680 503 416 472 662 287 684 315 438 500
train00347.jpg 1 battery 594 435 646 474 601 435 646 460 639 474 594 449
train00347.jpg 1 battery 638 401 709 451 638 430 699 401 709 421 648 451
train00347.jpg 1 battery 731 297 755 356 731 299 749 297 755 354 738 356
train00347.jpg 1 OCbottle 1066 536 1185 610 1066 542 1181 536 1185 604 1069 610
train00347.jpg 1 battery 647 447 684 490 647 457 670 447 684 480 661 490
