train00670.jpg 1 lighter 297 119 329 231 304 119 326 120 324 230 302 229
train00670.jpg 1 battery 204 190 374 350 193 221 257 167 373 305 309 358
train00670.jpg 1 electronicequipment 154 157 320 300 144 221 214 142 325 238 256 318
train00670.jpg 1 electronicequipment 115 55 194 199 128 57 189 60 184 191 123 188
train00670.jpg 1 metalbottle 110 215 295 396 98 261 161 200 309 353 246 414
train00670.jpg 1 glassbottle 91 310 189 392 76 341 156 289 200 356 120 408
train00670.jpg 1 metalbottle 145 332 311 467 194 321 318 398 267 480 143 403
train00670.jpg 1 knife 190 104 256 186 222 91 267 108 233 196 188 179
train00670.jpg 1 lighter 145 216 239 306 152 235 173 219 230 295 209 311
train00670.jpg 1 battery 198 81 268 106 200 81 268 87 266 106 198 100
