train00349.jpg 1 electronicequipment 252 297 649 522 255 350 637 303 659 483 277 530
train00349.jpg 1 electronicequipment 1054 77 1216 267 1205 73 1268 177 1089 285 1026 181
train00349.jpg 1 glassbottle 982 177 1218 332 970 250 1202 197 1222 281 990 335
train00349.jpg 1 umbrella 385 112 488 403 382 112 485 111 490 402 387 403
train00349.jpg 1 metalbottle 458 123 583 443 449 129 551 120 579 438 477 447
train00349.jpg 1 knife 185 318 580 509 171 435 540 246 592 348 223 536
train00349.jpg 1 umbrella 1080 274 1215 369 1078 304 1209 259 1236 336 1104 381
train00349.jpg 1 lighter 151 140 256 228 150 204 243 126 272 160 179 238
train00349.jpg 1 lighter 135 267 204 357 126 266 162 252 198 342 162 357
train00349.jpg 1 pressure 239 481 483 573 245 523 472 466 489 533 262 589
train00349.jpg 1 lighter 1060 113 1161 204 1052 169 1142 106 1173 149 1082 213
