train00163.jpg 1 knife 411 63 590 262 423 48 604 249 580 271 398 69
train00163.jpg 1 knife 185 318 276 434 182 339 221 312 290 415 251 441
train00163.jpg 1 electronicequipment 71 105 522 324 154 295 440 103 569 294 284 487
train00163.jpg 1 glassbottle 140 365 235 456 134 374 213 354 235 441 156 461
train00163.jpg 1 umbrella 113 7 501 170 113 96 441 14 459 86 131 168
train00163.jpg 1 OCbottle 81 110 278 344 206 102 292 161 158 358 72 300
train00163.jpg 1 electronicequipment 202 224 458 389 222 317 387 230 425 301 260 388
train00163.jpg 1 OCbottle 448 23 584 177 448 63 513 23 584 137 519 177
train00163.jpg 1 battery 385 161 468 214 385 188 458 161 468 188 394 214
train00163.jpg 1 battery 255 228 333 280 255 259 323 228 333 249 264 280
train00163.jpg 1 battery 157 267 196 340 157 271 186 267 196 335 166 340
train00163.jpg 1 battery 104 273 195 372 141 273 195 302 158 372 104 343
