train00226.jpg 1 metalbottle 223 324 521 454 236 333 520 373 509 456 225 416
train00226.jpg 1 metalbottle 148 381 293 542 206 369 300 410 236 553 142 512
train00226.jpg 1 umbrella 119 115 378 211 117 119 376 110 379 206 120 215
train00226.jpg 1 knife 64 231 402 500 71 226 411 474 388 506 47 259
train00226.jpg 1 OCbottle 59 344 307 494 75 345 316 423 287 512 46 434
train00226.jpg 1 electronicequipment 129 181 247 343 123 185 241 177 252 338 134 346
train00226.jpg 1 OCbottle 257 243 616 384 259 266 615 278 612 377 255 365
train00226.jpg 1 electronicequipment 60 292 113 424 53 295 105 289 119 420 67 426
train00226.jpg 1 lighter 116 300 158 404 114 300 156 299 159 403 117 404
train00226.jpg 1 glassbottle 75 275 318 425 106 246 318 368 273 447 61 324
train00226.jpg 1 battery 112 376 143 453 120 376 143 379 136 453 112 450
train00226.jpg 1 lighter 239 182 282 305 239 184 277 182 282 304 243 305
