train00906.jpg 1 knife 1054 298 1137 355 1061 297 1155 323 1143 365 1049 338
train00906.jpg 1 glassbottle 645 228 743 328 638 247 725 216 759 307 671 339
train00906.jpg 1 battery 163 296 288 443 150 314 265 281 305 421 190 454
train00906.jpg 1 pressure 203 126 557 318 184 251 537 123 566 202 213 330
train00906.jpg 1 metalbottle 252 245 450 387 242 303 426 236 461 333 277 400
train00906.jpg 1 OCbottle 503 187 631 343 493 210 590 179 639 329 542 361
train00906.jpg 1 lighter 410 390 525 449 408 419 522 386 532 419 417 452
train00906.jpg 1 lighter 212 335 304 415 225 320 318 378 297 413 203 354
train00906.jpg 1 glassbottle 246 334 470 454 230 411 448 332 470 392 252 472
train00906.jpg 1 electronicequipment 421 208 592 415 392 251 517 200 595 393 470 443
