train00729.jpg 1 knife 314 246 558 400 319 236 563 377 548 402 305 262
train00729.jpg 1 glassbottle 506 268 787 422 501 382 752 265 785 338 535 455
train00729.jpg 1 lighter 356 56 426 165 345 80 375 61 427 141 397 161
train00729.jpg 1 umbrella 367 248 705 324 373 248 708 266 705 323 370 305
train00729.jpg 1 OCbottle 618 50 763 255 613 70 719 42 773 245 667 274
train00729.jpg 1 glassbottle 958 580 1044 666 951 584 1044 583 1045 664 953 666
train00729.jpg 1 battery 977 190 1122 311 975 246 1116 195 1138 257 998 308
train00729.jpg 1 knife 970 320 1096 407 969 389 1088 312 1102 334 983 411
train00729.jpg 1 lighter 944 177 1024 284 999 177 1024 192 969 288 943 273
train00729.jpg 1 lighter 932 551 966 667 932 558 964 558 962 667 930 666
train00729.jpg 1 electronicequipment 953 437 1126 621 998 461 1059 423 1136 546 1075 584
train00729.jpg 1 electronicequipment 949 207 1052 321 1006 192 1055 214 1002 327 954 304
train00729.jpg 1 OCbottle 398 156 648 264 405 146 610 194 591 275 386 228
train00729.jpg 1 OCbottle 245 161 597 288 237 208 466 159 482 235 253 283
train00729.jpg 1 electronicequipment 971 331 1132 430 981 331 1132 350 1122 430 971 412
train00729.jpg 1 battery 935 337 964 410 942 337 964 339 957 410 935 408
