train00095.jpg 1 pressure 173 236 416 415 218 223 425 342 376 427 169 307
train00095.jpg 1 knife 201 395 308 518 276 386 313 411 233 525 196 499
train00095.jpg 1 glassbottle 108 347 250 549 176 338 254 368 166 596 88 566
train00095.jpg 1 lighter 55 352 79 459 64 350 84 353 71 457 51 455
train00095.jpg 1 lighter 89 401 146 516 125 413 148 422 111 510 88 500
train00095.jpg 1 OCbottle 114 322 265 411 118 322 265 330 261 411 114 403
train00095.jpg 1 electronicequipment 75 299 161 441 75 311 101 299 161 429 135 441
train00095.jpg 1 battery 52 432 77 481 62 432 77 435 67 481 52 478
train00095.jpg 1 battery 51 460 78 521 62 460 78 463 67 521 51 518
train00095.jpg 1 battery 62 413 133 541 87 413 133 423 108 541 62 531
