train00467.jpg 1 glassbottle 245 313 571 474 284 280 578 359 543 489 249 411
train00467.jpg 1 OCbottle 135 350 298 476 153 358 303 385 287 479 136 452
train00467.jpg 1 pressure 116 407 526 538 172 411 524 473 512 544 159 482
train00467.jpg 1 lighter 126 412 256 462 127 414 251 425 248 467 124 456
train00467.jpg 1 knife 315 416 513 467 319 417 514 434 511 468 316 451
train00467.jpg 1 lighter 406 462 528 496 407 456 524 466 521 504 404 494
train00467.jpg 1 lighter 362 398 428 514 356 420 396 405 427 493 388 507
train00467.jpg 1 battery 254 428 335 468 259 428 335 448 330 468 254 447
train00467.jpg 1 battery 822 400 859 474 822 403 853 400 859 471 829 474
train00467.jpg 1 battery 407 454 478 482 407 454 478 454 478 482 407 482
