train00743.jpg 1 knife 339 337 638 482 344 326 644 347 634 487 334 466
train00743.jpg 1 glassbottle 201 352 477 489 227 329 488 414 460 499 200 414
train00743.jpg 1 lighter 100 383 210 474 84 443 168 362 206 402 122 482
train00743.jpg 1 OCbottle 603 244 707 586 609 242 712 245 700 587 597 584
train00743.jpg 1 electronicequipment 886 145 1028 283 875 187 940 128 1043 242 977 301
train00743.jpg 1 knife 949 255 1058 367 957 255 1066 255 1066 367 957 367
train00743.jpg 1 knife 877 214 1035 436 874 215 912 194 1034 406 997 428
train00743.jpg 1 lighter 561 475 608 575 562 474 609 475 606 575 559 574
train00743.jpg 1 OCbottle 169 301 273 540 169 309 249 301 273 532 194 540
train00743.jpg 1 knife 465 429 598 474 465 429 598 429 598 474 465 474
