train00639.jpg 1 battery 301 302 441 500 355 294 434 316 381 502 302 480
train00639.jpg 1 knife 128 256 445 486 159 261 454 453 422 503 127 311
train00639.jpg 1 electronicequipment 109 134 231 344 198 119 247 140 157 354 108 333
train00639.jpg 1 pressure 210 254 366 525 196 279 270 250 368 506 294 534
train00639.jpg 1 lighter 1050 56 1129 161 1048 67 1085 50 1130 151 1093 168
train00639.jpg 1 OCbottle 1036 104 1157 330 1082 95 1165 119 1104 336 1020 312
train00639.jpg 1 electronicequipment 115 235 227 381 115 244 228 244 228 378 115 378
train00639.jpg 1 lighter 1046 130 1086 251 1047 129 1084 130 1082 247 1045 246
train00639.jpg 1 electronicequipment 120 255 245 372 106 342 216 233 260 277 150 386
train00639.jpg 1 lighter 182 347 289 407 191 338 295 370 284 409 179 377
train00639.jpg 1 lighter 208 378 326 438 214 378 332 412 323 441 205 408
train00639.jpg 1 OCbottle 1041 278 1170 484 1086 262 1183 297 1109 500 1013 464
train00639.jpg 1 metalbottle 1110 220 1229 415 1110 240 1181 220 1229 396 1157 415
