train01401.jpg 1 metalbottle 397 73 680 374 448 48 694 321 613 394 367 121
train01401.jpg 1 glassbottle 296 227 381 309 290 234 371 221 383 302 302 314
train01401.jpg 1 battery 357 323 578 471 395 311 574 402 533 483 354 391
train01401.jpg 1 lighter 209 260 307 344 217 253 313 331 293 356 197 278
train01401.jpg 1 lighter 209 238 300 313 220 232 299 283 286 304 206 252
train01401.jpg 1 electronicequipment 250 22 425 211 319 14 430 167 348 226 237 73
train01401.jpg 1 lighter 296 310 371 381 281 321 308 294 382 369 356 396
train01401.jpg 1 electronicequipment 190 126 428 303 243 117 427 199 377 312 193 229
train01401.jpg 1 knife 366 146 565 478 349 149 446 112 580 458 482 496
train01401.jpg 1 battery 522 344 584 407 522 366 557 344 584 384 549 407
train01401.jpg 1 battery 395 328 449 415 426 328 449 337 419 415 395 406
train01401.jpg 1 battery 437 308 545 426 454 308 545 323 529 426 437 412
train01401.jpg 1 electronicequipment 286 279 428 400 286 329 319 279 428 350 395 400
train01401.jpg 1 battery 105 133 171 211 105 151 137 133 171 192 139 211
