train00609.jpg 1 electronicequipment 94 241 583 510 100 249 566 233 576 494 109 510
train00609.jpg 1 lighter 576 283 654 377 568 300 594 278 652 346 625 368
train00609.jpg 1 umbrella 106 292 267 586 112 301 174 283 254 562 192 580
train00609.jpg 1 metalbottle 245 307 533 597 234 362 303 295 544 544 474 611
train00609.jpg 1 knife 71 299 127 452 72 301 114 298 125 448 83 451
train00609.jpg 1 lighter 157 204 270 285 175 195 266 252 246 284 155 227
train00609.jpg 1 electronicequipment 1037 227 1152 407 1042 236 1150 239 1145 398 1037 394
train00609.jpg 1 electronicequipment 1036 349 1176 499 1068 364 1172 390 1144 505 1039 479
train00609.jpg 1 lighter 997 289 1107 322 999 288 1097 312 1090 340 993 315
train00609.jpg 1 knife 1073 418 1219 538 1073 508 1197 418 1219 449 1096 538
train00609.jpg 1 OCbottle 1028 342 1175 536 1117 325 1201 373 1093 561 1009 512
train00609.jpg 1 knife 1032 274 1122 364 1026 300 1068 267 1133 351 1092 383
train00609.jpg 1 knife 81 268 290 449 65 433 265 253 294 286 95 465
