train00262.jpg 1 pressure 213 152 327 533 217 204 299 197 328 531 246 538
train00262.jpg 1 knife 372 129 477 507 462 144 479 149 383 506 366 502
train00262.jpg 1 electronicequipment 463 130 565 277 464 143 517 123 568 264 515 283
train00262.jpg 1 electronicequipment 347 118 477 322 357 113 476 123 459 319 339 308
train00262.jpg 1 electronicequipment 290 140 495 315 321 194 488 194 488 308 321 308
train00262.jpg 1 electronicequipment 265 242 390 379 263 259 336 225 398 359 325 393
train00262.jpg 1 battery 171 207 327 414 166 246 238 212 316 381 245 414
train00262.jpg 1 electronicequipment 88 269 290 383 107 272 282 303 268 384 93 353
train00262.jpg 1 lighter 271 172 359 271 302 177 337 183 322 265 288 259
train00262.jpg 1 metalbottle 297 203 422 460 319 198 426 208 403 460 297 451
train00262.jpg 1 lighter 163 282 221 387 166 312 195 301 225 384 196 394
train00262.jpg 1 lighter 801 162 827 264 796 161 820 159 827 239 803 241
train00262.jpg 1 electronicequipment 815 107 856 302 829 106 864 109 848 292 813 289
train00262.jpg 1 battery 459 173 547 220 459 188 541 173 547 206 465 220
train00262.jpg 1 lighter 169 304 234 394 169 315 189 304 234 383 215 394
