train00981.jpg 1 metalbottle 129 147 329 344 287 138 349 207 185 354 123 285
train00981.jpg 1 lighter 271 221 376 325 268 241 298 213 381 302 352 330
train00981.jpg 1 knife 135 182 580 440 126 330 515 68 599 192 210 454
train00981.jpg 1 electronicequipment 124 315 342 427 129 369 289 273 346 367 185 463
train00981.jpg 1 metalbottle 426 70 719 262 454 65 737 163 699 272 416 175
train00981.jpg 1 knife 402 180 497 221 407 175 497 194 491 222 401 203
train00981.jpg 1 metalbottle 449 3 679 187 436 40 647 -19 692 137 481 197
train00981.jpg 1 electronicequipment 1032 493 1150 560 1035 500 1163 514 1157 567 1029 554
train00981.jpg 1 lighter 214 447 310 522 244 457 323 519 303 545 223 483
train00981.jpg 1 electronicequipment 122 343 249 431 120 357 313 275 353 369 160 451
train00981.jpg 1 electronicequipment 144 347 309 519 202 347 309 469 250 519 144 397
train00981.jpg 1 battery 301 469 366 538 322 469 366 519 345 538 301 488
train00981.jpg 1 battery 255 449 337 494 262 449 337 471 330 494 255 473
