train00203.jpg 1 knife 281 200 599 476 295 193 595 463 583 476 283 206
train00203.jpg 1 umbrella 324 289 551 521 375 277 552 488 494 535 318 325
train00203.jpg 1 umbrella 180 200 390 463 162 237 208 199 399 435 353 473
train00203.jpg 1 electronicequipment 92 141 611 485 150 114 611 229 545 492 85 377
train00203.jpg 1 knife 308 198 414 308 322 257 370 212 437 284 389 329
train00203.jpg 1 OCbottle 134 408 504 530 145 401 507 458 492 556 130 498
train00203.jpg 1 lighter 574 308 604 411 581 306 608 309 600 409 572 406
train00203.jpg 1 metalbottle 990 203 1163 309 983 228 1168 202 1180 286 995 312
train00203.jpg 1 electronicequipment 995 298 1166 552 1036 281 1208 305 1172 565 999 541
train00203.jpg 1 OCbottle 1032 538 1166 627 1034 539 1174 547 1170 622 1030 615
train00203.jpg 1 lighter 1033 553 1121 637 1047 581 1067 564 1124 627 1105 645
train00203.jpg 1 lighter 82 287 133 392 110 284 140 290 121 385 92 379
train00203.jpg 1 knife 1030 542 1165 628 1060 522 1198 584 1169 648 1032 586
