train00272.jpg 1 knife 309 156 542 342 289 320 486 124 548 185 351 382
train00272.jpg 1 battery 251 11 473 127 268 12 472 37 461 123 257 98
train00272.jpg 1 metalbottle 97 202 269 314 116 192 276 232 253 324 93 284
train00272.jpg 1 electronicequipment 218 203 377 281 235 225 364 200 374 252 245 277
train00272.jpg 1 electronicequipment 282 83 376 225 298 86 372 91 364 219 289 214
train00272.jpg 1 lighter 320 119 429 211 325 171 403 114 421 138 343 195
train00272.jpg 1 lighter 200 87 328 125 202 90 325 92 324 120 202 118
train00272.jpg 1 OCbottle 355 97 519 245 355 189 477 97 519 154 398 245
train00272.jpg 1 pressure 300 71 597 196 300 121 584 71 597 146 313 196
train00272.jpg 1 OCbottle 217 63 375 342 268 63 375 84 325 342 217 321
