train00908.jpg 1 glassbottle 473 249 758 445 506 234 774 395 734 461 466 300
train00908.jpg 1 knife 735 179 796 372 736 182 780 175 810 365 766 372
train00908.jpg 1 electronicequipment 196 151 754 525 201 241 668 116 750 422 283 547
train00908.jpg 1 metalbottle 595 431 782 509 595 429 782 432 781 510 594 507
train00908.jpg 1 electronicequipment 622 412 741 547 645 406 745 424 721 557 621 539
train00908.jpg 1 lighter 725 451 775 562 734 450 769 453 761 562 726 560
train00908.jpg 1 knife 996 346 1107 502 1108 353 1133 373 1009 521 985 500
train00908.jpg 1 electronicequipment 973 385 1046 509 983 382 1050 389 1037 510 970 503
train00908.jpg 1 lighter 925 381 973 493 916 381 948 374 973 485 942 492
train00908.jpg 1 glassbottle 920 322 1022 433 938 316 1040 349 1014 428 912 394
train00908.jpg 1 pressure 414 486 771 574 416 476 773 495 768 583 411 564
train00908.jpg 1 battery 674 141 715 213 674 147 698 141 715 207 691 213
