train01464.jpg 1 battery 258 385 418 513 303 359 431 452 376 528 248 435
train01464.jpg 1 electronicequipment 240 389 343 507 239 394 334 380 351 506 256 519
train01464.jpg 1 knife 294 334 349 473 308 334 357 339 342 480 293 474
train01464.jpg 1 knife 320 175 487 451 319 172 477 177 467 454 309 449
train01464.jpg 1 lighter 239 389 293 504 235 395 276 384 308 495 266 507
train01464.jpg 1 glassbottle 285 103 368 190 286 102 366 105 363 191 283 188
train01464.jpg 1 glassbottle 284 99 378 324 291 102 382 108 367 326 276 320
train01464.jpg 1 electronicequipment 226 170 309 390 233 170 321 170 321 388 233 388
train01464.jpg 1 lighter 203 105 229 211 203 105 229 105 229 211 203 211
train01464.jpg 1 lighter 235 60 315 134 254 58 325 110 305 138 233 86
train01464.jpg 1 electronicequipment 206 52 312 272 204 57 312 57 312 270 204 270
train01464.jpg 1 electronicequipment 287 141 484 282 279 209 447 127 490 215 322 297
train01464.jpg 1 lighter 304 247 343 341 316 245 347 249 338 341 306 337
train01464.jpg 1 battery 377 141 472 272 413 141 472 160 436 272 377 253
train01464.jpg 1 battery 248 111 296 156 260 111 296 141 284 156 248 125
train01464.jpg 1 battery 240 44 270 103 250 44 270 48 260 103 240 99
train01464.jpg 1 battery 247 294 272 363 247 295 270 294 272 362 249 363
