train01403.jpg 1 knife 425 113 755 340 478 85 757 318 701 385 423 151
train01403.jpg 1 lighter 262 103 302 217 256 106 293 100 309 215 272 220
train01403.jpg 1 lighter 307 129 347 238 296 136 328 130 350 233 318 240
train01403.jpg 1 electronicequipment 114 44 274 251 101 86 216 39 283 205 168 252
train01403.jpg 1 lighter 964 250 1029 337 961 252 990 239 1029 327 1000 339
train01403.jpg 1 electronicequipment 140 245 274 432 141 257 253 233 291 412 179 436
train01403.jpg 1 electronicequipment 92 194 177 352 81 211 147 192 187 331 120 350
train01403.jpg 1 electronicequipment 103 146 236 319 99 142 222 137 228 317 105 321
train01403.jpg 1 OCbottle 129 327 266 434 163 313 271 385 232 444 124 371
train01403.jpg 1 glassbottle 986 284 1074 367 989 281 1076 287 1070 369 983 363
train01403.jpg 1 OCbottle 928 14 1093 277 887 93 966 17 1159 217 1080 293
train01403.jpg 1 pressure 436 110 699 368 436 169 493 110 699 309 642 368
train01403.jpg 1 battery 956 71 991 135 956 75 976 71 991 130 971 135
