train01194.jpg 1 metalbottle 187 323 303 503 196 317 304 329 285 508 177 497
train01194.jpg 1 knife 274 269 351 522 324 260 359 269 290 527 254 518
train01194.jpg 1 knife 156 381 583 522 150 463 578 364 592 422 164 521
train01194.jpg 1 lighter 236 520 321 589 232 562 310 512 328 539 250 590
train01194.jpg 1 lighter 281 516 404 556 281 519 404 521 403 557 280 554
train01194.jpg 1 lighter 305 556 388 633 371 552 396 577 330 643 305 618
train01194.jpg 1 OCbottle 378 443 517 627 364 473 475 440 526 607 415 640
train01194.jpg 1 OCbottle 68 330 141 544 55 335 123 327 150 542 81 551
train01194.jpg 1 OCbottle 295 540 522 617 295 535 521 539 520 614 294 610
train01194.jpg 1 electronicequipment 137 512 322 623 156 512 322 569 303 623 137 566
