train00870.jpg 1 knife 404 380 540 666 494 372 545 391 441 677 390 658
train00870.jpg 1 lighter 509 190 636 237 510 184 636 207 631 240 504 217
train00870.jpg 1 electronicequipment 392 217 602 344 385 246 583 204 606 313 408 356
train00870.jpg 1 pressure 439 268 502 436 450 267 508 276 485 438 427 430
train00870.jpg 1 lighter 494 272 537 374 500 273 539 278 525 375 487 370
train00870.jpg 1 OCbottle 476 337 588 566 499 333 599 343 575 573 475 562
train00870.jpg 1 OCbottle 493 220 575 394 499 217 580 223 568 396 487 390
train00870.jpg 1 metalbottle 206 173 480 526 322 173 480 237 363 526 206 462
train00870.jpg 1 battery 551 432 621 454 552 432 621 437 620 454 551 449
train00870.jpg 1 battery 589 524 608 587 589 524 608 524 608 587 589 587
train00870.jpg 1 lighter 499 446 550 551 499 451 536 446 550 545 512 551
