train01295.jpg 1 lighter 249 141 353 226 240 193 338 141 359 181 261 233
train01295.jpg 1 lighter 191 206 317 279 198 244 300 198 316 235 214 281
train01295.jpg 1 knife 404 179 467 396 432 174 474 180 444 398 401 392
train01295.jpg 1 knife 341 132 482 298 432 121 484 154 381 320 329 287
train01295.jpg 1 battery 322 32 493 231 462 33 517 86 364 245 309 192
train01295.jpg 1 OCbottle 421 32 661 259 496 32 661 170 586 259 421 120
train01295.jpg 1 OCbottle 103 260 346 437 94 363 317 224 372 311 149 450
train01295.jpg 1 electronicequipment 295 127 514 316 280 224 462 110 525 211 344 325
train01295.jpg 1 metalbottle 914 175 1060 349 998 162 1075 210 976 369 899 321
train01295.jpg 1 electronicequipment 893 292 1074 500 1073 317 1119 412 944 498 897 403
train01295.jpg 1 electronicequipment 918 357 991 512 952 347 1001 361 957 515 908 501
train01295.jpg 1 lighter 971 403 1003 513 974 402 1006 404 999 513 967 511
train01295.jpg 1 electronicequipment 1012 206 1080 374 1000 259 1060 227 1139 376 1079 408
train01295.jpg 1 glassbottle 258 223 355 314 335 208 366 303 282 331 250 235
