train01250.jpg 1 electronicequipment 249 190 595 528 250 231 541 180 596 490 304 541
train01250.jpg 1 knife 229 205 525 311 220 274 507 181 522 226 234 319
train01250.jpg 1 metalbottle 542 221 707 341 528 270 677 207 716 297 566 360
train01250.jpg 1 electronicequipment 467 115 620 190 464 126 610 116 614 173 468 183
train01250.jpg 1 lighter 354 262 483 305 354 265 481 265 481 297 354 297
train01250.jpg 1 lighter 367 312 493 347 367 318 490 318 490 347 367 347
train01250.jpg 1 OCbottle 295 316 568 421 290 344 556 302 570 394 304 436
train01250.jpg 1 electronicequipment 333 109 507 231 326 161 489 111 512 184 348 233
train01250.jpg 1 electronicequipment 315 158 493 260 314 203 465 169 482 245 331 280
train01250.jpg 1 battery 937 425 1008 464 942 425 1008 443 1002 464 937 446
train01250.jpg 1 OCbottle 941 353 1091 454 944 353 1091 358 1088 454 941 449
