train01189.jpg 1 knife 93 340 177 570 140 339 183 351 122 577 79 566
train01189.jpg 1 knife 98 259 561 372 90 300 552 260 560 351 98 392
train01189.jpg 1 pressure 145 173 383 274 145 173 371 173 371 272 145 272
train01189.jpg 1 glassbottle 120 213 435 293 128 209 451 238 443 319 121 291
train01189.jpg 1 knife 166 228 373 405 180 206 396 387 364 425 149 244
train01189.jpg 1 pressure 800 207 1069 371 816 203 1089 276 1062 378 789 305
train01189.jpg 1 lighter 72 404 123 512 70 413 97 406 125 509 98 516
train01189.jpg 1 lighter 272 323 409 376 269 332 405 332 405 375 269 375
train01189.jpg 1 knife 766 266 1034 321 768 254 1035 277 1031 332 764 309
train01189.jpg 1 lighter 802 318 848 377 790 329 819 312 853 371 824 388
