train00410.jpg 1 knife 130 219 364 452 189 378 354 207 378 230 213 401
train00410.jpg 1 battery 124 356 356 469 141 392 336 358 350 433 155 467
train00410.jpg 1 umbrella 103 458 458 655 119 450 434 577 406 647 91 520
train00410.jpg 1 pressure 299 283 557 471 362 285 556 406 510 480 316 359
train00410.jpg 1 glassbottle 223 434 508 520 231 431 507 440 504 512 228 503
train00410.jpg 1 OCbottle 346 228 507 336 356 227 498 232 495 334 353 329
train00410.jpg 1 OCbottle 344 598 484 660 356 595 479 608 473 664 350 651
train00410.jpg 1 OCbottle 475 436 650 643 575 436 650 483 550 643 475 596
train00410.jpg 1 OCbottle 481 360 645 587 575 360 645 394 551 587 481 553
train00410.jpg 1 battery 159 546 223 580 163 546 223 566 219 580 159 560
train00410.jpg 1 battery 224 509 299 563 234 509 299 544 289 563 224 528
