train00352.jpg 1 knife 70 126 707 436 89 101 716 380 688 445 60 166
train00352.jpg 1 electronicequipment 201 146 614 553 196 260 440 130 604 439 361 569
train00352.jpg 1 metalbottle 396 303 695 442 389 357 672 296 694 397 410 457
train00352.jpg 1 OCbottle 327 397 601 556 327 459 577 397 601 494 351 556
train00352.jpg 1 electronicequipment 563 386 754 481 559 422 737 391 746 441 568 473
train00352.jpg 1 OCbottle 884 320 984 549 920 322 987 335 945 553 877 540
train00352.jpg 1 metalbottle 991 357 1077 548 1071 336 1154 373 1076 547 993 510
train00352.jpg 1 battery 660 445 726 477 660 461 722 445 726 460 665 477
train00352.jpg 1 battery 611 459 663 489 611 470 659 459 663 479 615 489
train00352.jpg 1 battery 663 358 726 403 663 391 720 358 726 370 669 403
train00352.jpg 1 battery 589 358 675 419 589 393 663 358 675 384 601 419
train00352.jpg 1 knife 282 421 564 448 282 426 563 421 564 443 283 448
train00352.jpg 1 electronicequipment 947 529 1090 638 972 529 1090 589 1065 638 947 577
