train01112.jpg 1 metalbottle 107 490 307 632 140 485 313 561 280 635 107 559
train01112.jpg 1 knife 231 331 340 521 248 320 351 330 330 529 227 519
train01112.jpg 1 knife 317 263 406 430 370 255 408 267 351 441 313 429
train01112.jpg 1 electronicequipment 67 212 204 343 87 206 230 279 191 355 48 282
train01112.jpg 1 electronicequipment 55 311 187 460 84 315 196 333 176 461 64 443
train01112.jpg 1 electronicequipment 85 247 482 537 108 227 491 287 451 542 68 482
train01112.jpg 1 lighter 112 563 227 623 118 555 231 598 218 630 105 587
train01112.jpg 1 knife 987 198 1132 396 1103 171 1200 241 1053 444 956 374
train01112.jpg 1 electronicequipment 943 131 1130 442 946 125 1149 136 1132 451 929 440
train01112.jpg 1 lighter 899 286 952 351 878 310 897 282 965 326 946 354
train01112.jpg 1 battery 138 439 209 513 138 456 157 439 209 496 190 513
train01112.jpg 1 battery 48 327 83 394 58 327 83 331 73 394 48 390
train01112.jpg 1 knife 50 438 131 586 50 449 78 438 131 575 103 586
