train00399.jpg 1 metalbottle 357 369 522 491 353 404 502 355 533 451 384 499
train00399.jpg 1 electronicequipment 182 389 374 555 169 473 333 371 391 463 227 565
train00399.jpg 1 electronicequipment 231 364 367 541 263 349 381 383 332 556 213 522
train00399.jpg 1 metalbottle 107 285 208 468 120 279 216 292 190 472 94 458
train00399.jpg 1 lighter 122 268 252 307 129 250 254 286 244 324 119 288
train00399.jpg 1 knife 181 156 284 385 245 143 291 162 209 366 163 347
train00399.jpg 1 pressure 183 236 589 441 171 368 569 223 599 307 201 452
train00399.jpg 1 lighter 204 378 254 491 224 379 264 387 241 494 201 486
train00399.jpg 1 lighter 144 376 212 492 158 372 219 381 203 496 142 488
train00399.jpg 1 battery 112 263 170 320 112 277 126 263 170 306 157 320
train00399.jpg 1 battery 105 287 145 373 105 288 142 287 145 372 108 373
