train01500.jpg 1 glassbottle 331 119 479 381 310 130 400 101 485 364 396 393
train01500.jpg 1 knife 397 124 718 396 538 77 793 262 640 473 385 287
train01500.jpg 1 knife 291 210 666 278 292 224 661 205 665 263 295 282
train01500.jpg 1 lighter 167 319 254 420 224 313 260 336 196 438 160 415
train01500.jpg 1 battery 848 200 943 339 850 198 945 201 940 340 845 337
train01500.jpg 1 knife 881 241 1011 527 879 238 1009 240 1004 526 874 524
train01500.jpg 1 OCbottle 114 125 213 365 136 121 220 133 186 369 103 357
train01500.jpg 1 OCbottle 110 67 413 316 90 258 371 39 431 116 150 334
train01500.jpg 1 lighter 918 496 954 592 927 502 955 505 943 605 915 601
train01500.jpg 1 lighter 592 263 664 365 645 262 672 278 616 371 589 355
train01500.jpg 1 lighter 890 412 921 539 887 412 918 411 923 538 892 539
train01500.jpg 1 battery 864 438 898 513 864 441 891 438 898 510 871 513
