train01424.jpg 1 metalbottle 260 2 458 314 244 10 351 -30 472 286 365 327
train01424.jpg 1 lighter 197 172 250 292 188 181 239 164 276 278 225 295
train01424.jpg 1 lighter 223 135 310 192 196 174 296 125 312 158 212 207
train01424.jpg 1 pressure 263 121 625 235 270 121 627 152 619 240 262 209
train01424.jpg 1 umbrella 269 197 587 345 291 187 593 273 570 354 268 268
train01424.jpg 1 battery 922 200 996 420 933 207 1000 212 986 414 919 409
train01424.jpg 1 lighter 953 131 989 239 955 134 992 135 987 255 950 254
train01424.jpg 1 knife 946 164 1037 320 974 156 1040 170 1006 328 940 314
train01424.jpg 1 knife 260 194 410 223 260 191 410 194 409 224 259 221
train01424.jpg 1 OCbottle 217 180 321 321 189 182 260 152 316 284 245 314
