train00040.jpg 1 pressure 192 228 297 522 221 226 303 236 268 524 185 514
train00040.jpg 1 knife 254 125 371 520 328 123 371 132 289 520 246 511
train00040.jpg 1 battery 257 525 493 657 260 605 453 542 468 588 274 651
train00040.jpg 1 electronicequipment 434 217 580 447 442 222 557 222 557 443 442 443
train00040.jpg 1 electronicequipment 449 400 656 562 444 480 621 397 661 483 484 566
train00040.jpg 1 OCbottle 106 420 283 624 100 459 171 411 285 580 214 628
train00040.jpg 1 OCbottle 254 336 564 507 243 430 530 326 566 422 278 527
train00040.jpg 1 OCbottle 227 465 480 629 221 561 430 441 474 518 265 638
train00040.jpg 1 lighter 509 421 640 503 506 456 623 408 641 454 524 501
train00040.jpg 1 electronicequipment 464 215 573 425 475 219 568 221 564 422 471 421
train00040.jpg 1 lighter 408 484 505 576 482 497 500 520 433 573 414 550
