train00403.jpg 1 pressure 210 177 533 471 259 154 543 409 477 482 193 227
train00403.jpg 1 lighter 131 309 178 418 125 312 154 304 184 407 154 415
train00403.jpg 1 electronicequipment 242 431 439 569 229 494 415 426 447 514 261 582
train00403.jpg 1 lighter 228 217 261 303 225 204 260 202 265 301 230 303
train00403.jpg 1 battery 120 140 229 302 149 133 238 158 193 312 105 287
train00403.jpg 1 knife 273 142 411 261 290 134 434 223 400 276 257 187
train00403.jpg 1 lighter 184 394 281 427 184 392 281 395 280 428 183 425
train00403.jpg 1 glassbottle 212 392 308 474 210 393 306 390 309 472 213 475
train00403.jpg 1 battery 163 436 288 607 154 426 246 398 305 589 212 617
train00403.jpg 1 electronicequipment 167 414 306 597 156 421 246 393 308 597 218 624
train00403.jpg 1 glassbottle 294 482 341 536 296 486 323 477 339 526 313 535
train00403.jpg 1 glassbottle 340 498 383 560 337 502 365 493 387 555 359 565
train00403.jpg 1 battery 173 487 210 548 173 493 191 487 210 542 192 548
