train00710.jpg 1 lighter 163 182 264 245 159 225 254 163 275 195 180 257
train00710.jpg 1 lighter 124 298 213 384 127 306 226 368 211 392 112 331
train00710.jpg 1 knife 180 410 240 498 170 426 213 411 242 496 200 511
train00710.jpg 1 knife 175 470 521 581 181 461 536 549 527 587 171 498
train00710.jpg 1 electronicequipment 248 336 649 588 252 415 613 332 657 524 297 608
train00710.jpg 1 umbrella 372 163 469 461 377 161 474 164 463 462 366 459
train00710.jpg 1 metalbottle 429 194 559 514 463 191 568 202 534 530 429 519
train00710.jpg 1 electronicequipment 852 199 998 417 848 228 949 195 1009 380 907 413
train00710.jpg 1 lighter 897 384 982 491 891 403 919 385 972 474 944 491
train00710.jpg 1 lighter 935 380 1013 461 916 456 992 378 1015 401 940 479
train00710.jpg 1 glassbottle 957 220 1082 520 954 242 1037 226 1092 509 1009 525
train00710.jpg 1 umbrella 1046 168 1150 477 1032 169 1111 151 1183 465 1104 483
train00710.jpg 1 knife 890 107 1037 166 891 108 1043 124 1039 167 887 151
train00710.jpg 1 knife 891 106 1148 152 894 117 1152 108 1153 151 896 160
