train00055.jpg 1 knife 308 236 555 361 326 226 566 304 536 397 296 319
train00055.jpg 1 umbrella 223 213 524 405 254 200 581 325 544 421 217 296
train00055.jpg 1 glassbottle 156 333 445 451 150 353 444 322 454 421 161 452
train00055.jpg 1 electronicequipment 365 354 607 474 362 365 601 353 607 465 368 477
train00055.jpg 1 OCbottle 89 471 463 571 86 475 458 456 464 561 91 580
train00055.jpg 1 lighter 349 494 477 563 349 532 467 494 477 525 359 563
train00055.jpg 1 electronicequipment 752 422 844 532 476 504 627 480 632 514 481 538
train00055.jpg 1 battery 469 530 571 572 469 535 569 530 571 567 471 572
train00055.jpg 1 battery 753 461 832 493 755 461 832 469 830 493 753 485
train00055.jpg 1 battery 780 441 848 475 781 441 848 444 847 475 780 472
train00055.jpg 1 battery 803 421 849 451 803 424 848 421 849 449 804 451
train00055.jpg 1 metalbottle 117 337 299 540 154 337 299 367 262 540 117 509
train00055.jpg 1 battery 402 268 449 314 409 268 449 274 442 314 402 308
