train00093.jpg 1 pressure 219 91 378 424 217 107 317 88 380 413 280 432
train00093.jpg 1 battery 169 324 268 507 238 320 272 334 197 510 164 495
train00093.jpg 1 knife 235 50 284 226 233 55 278 54 281 225 236 226
train00093.jpg 1 electronicequipment 90 301 222 458 145 304 231 347 171 464 86 421
train00093.jpg 1 lighter 150 278 195 367 177 278 202 288 167 375 142 365
train00093.jpg 1 electronicequipment 155 150 380 336 211 151 370 267 318 339 158 223
train00093.jpg 1 lighter 105 287 158 370 134 290 158 302 124 370 101 359
train00093.jpg 1 lighter 1115 577 1194 605 1115 577 1193 576 1194 600 1115 601
train00093.jpg 1 pressure 1063 287 1130 482 1073 291 1130 294 1120 483 1063 480
train00093.jpg 1 OCbottle 149 235 265 416 167 203 264 240 174 477 76 439
