train00208.jpg 1 electronicequipment 388 404 583 585 386 473 466 396 598 532 518 609
train00208.jpg 1 knife 465 354 588 556 550 350 582 364 498 553 466 538
train00208.jpg 1 battery 449 460 604 560 449 530 549 449 601 514 501 594
train00208.jpg 1 metalbottle 491 356 652 493 477 418 537 336 669 431 609 514
train00208.jpg 1 glassbottle 628 278 830 454 624 398 773 265 833 332 684 465
train00208.jpg 1 electronicequipment 565 209 788 314 566 222 788 214 791 306 569 314
train00208.jpg 1 lighter 707 367 820 451 707 428 796 360 815 385 727 454
train00208.jpg 1 lighter 521 520 620 595 510 571 608 517 622 543 525 597
train00208.jpg 1 OCbottle 995 326 1117 456 1078 306 1138 353 1049 467 989 420
train00208.jpg 1 lighter 1002 441 1064 559 1034 443 1058 449 1032 561 1008 555
train00208.jpg 1 lighter 1056 495 1163 593 1051 580 1121 494 1144 513 1074 599
train00208.jpg 1 electronicequipment 1045 378 1195 614 1125 394 1213 434 1139 599 1051 560
train00208.jpg 1 knife 949 472 1198 698 996 472 1198 526 1152 698 949 644
train00208.jpg 1 OCbottle 637 279 848 484 634 419 804 260 870 330 699 489
train00208.jpg 1 OCbottle 957 426 1071 617 984 417 1072 434 1035 622 947 605
train00208.jpg 1 knife 629 302 738 420 717 289 745 313 648 428 620 404
train00208.jpg 1 battery 1002 544 1076 630 1032 544 1076 610 1047 630 1002 564
train00208.jpg 1 battery 1055 443 1121 518 1055 460 1077 443 1121 502 1100 518
train00208.jpg 1 battery 1047 459 1077 517 1059 459 1077 463 1064 517 1047 513
