train00149.jpg 1 knife 346 197 471 292 342 269 456 192 480 228 366 305
train00149.jpg 1 glassbottle 322 440 524 602 316 549 521 400 563 457 358 606
train00149.jpg 1 pressure 264 493 681 573 263 505 678 491 681 560 265 574
train00149.jpg 1 electronicequipment 211 345 477 501 201 400 440 341 469 456 230 515
train00149.jpg 1 lighter 293 115 416 167 288 138 410 108 418 141 297 171
train00149.jpg 1 OCbottle 460 73 598 160 452 94 588 75 599 150 462 169
train00149.jpg 1 OCbottle 146 152 393 325 138 238 361 139 402 231 179 331
train00149.jpg 1 lighter 1153 35 1185 131 1158 33 1189 36 1179 132 1148 129
train00149.jpg 1 battery 1125 139 1194 347 1145 143 1236 152 1216 344 1125 334
train00149.jpg 1 battery 1165 245 1213 335 1165 252 1191 245 1213 328 1187 335
train00149.jpg 1 battery 162 140 301 234 162 209 287 140 301 165 176 234
