train00898.jpg 1 umbrella 257 172 623 360 344 124 619 372 542 458 267 210
train00898.jpg 1 knife 236 281 421 412 248 272 420 371 398 410 226 311
train00898.jpg 1 glassbottle 117 210 225 312 108 233 207 200 234 283 135 316
train00898.jpg 1 lighter 519 403 620 460 544 400 620 438 608 463 532 425
train00898.jpg 1 lighter 148 311 270 350 152 309 266 321 263 349 149 337
train00898.jpg 1 pressure 359 308 621 389 359 302 618 311 615 387 356 378
train00898.jpg 1 electronicequipment 965 321 1091 452 1101 318 1135 381 996 455 962 392
train00898.jpg 1 battery 452 386 558 455 465 386 558 420 545 455 452 421
train00898.jpg 1 electronicequipment 401 397 573 489 446 411 576 448 564 492 434 455
train00898.jpg 1 glassbottle 487 361 566 393 491 358 568 369 565 390 488 379
train00898.jpg 1 glassbottle 526 375 602 415 532 372 602 390 595 417 525 399
train00898.jpg 1 electronicequipment 268 326 419 434 291 326 419 382 396 434 268 378
