train01129.jpg 1 lighter 172 338 257 432 152 350 180 328 246 406 218 429
train01129.jpg 1 pressure 97 190 398 525 83 238 149 181 410 480 343 538
train01129.jpg 1 glassbottle 330 250 427 454 310 222 378 206 435 450 366 466
train01129.jpg 1 knife 224 124 531 288 223 116 533 261 516 298 206 153
train01129.jpg 1 OCbottle 193 199 353 423 166 252 257 193 373 372 283 430
train01129.jpg 1 lighter 218 403 289 480 210 413 233 394 290 463 268 481
train01129.jpg 1 lighter 99 233 182 341 87 252 107 236 181 325 162 341
train01129.jpg 1 battery 268 460 337 539 268 477 290 460 337 522 315 539
train01129.jpg 1 battery 306 466 343 539 306 471 326 466 343 534 323 539
train01129.jpg 1 battery 152 335 211 400 152 348 167 335 211 387 196 400
train01129.jpg 1 battery 101 274 164 341 101 289 117 274 164 327 148 341
