train00484.jpg 1 knife 143 283 581 430 132 358 568 281 582 359 145 436
train00484.jpg 1 pressure 295 384 607 507 304 375 617 418 604 514 291 470
train00484.jpg 1 lighter 114 221 241 268 113 247 236 221 242 249 119 275
train00484.jpg 1 electronicequipment 92 194 667 572 91 280 606 171 672 479 156 589
train00484.jpg 1 metalbottle 813 280 952 483 807 322 959 272 1015 443 863 493
train00484.jpg 1 lighter 395 299 499 368 388 312 489 287 505 354 404 379
train00484.jpg 1 battery 468 189 545 231 468 207 539 189 545 214 474 231
train00484.jpg 1 battery 484 161 552 193 484 174 548 161 552 180 488 193
train00484.jpg 1 battery 113 264 184 296 113 278 180 264 184 282 117 296
train00484.jpg 1 OCbottle 77 245 122 304 77 255 101 245 122 293 99 304
train00484.jpg 1 battery 899 445 964 486 906 445 964 468 957 486 899 463
