train00121.jpg 1 knife 139 197 458 255 141 185 459 208 455 266 137 243
train00121.jpg 1 metalbottle 86 217 206 386 101 210 210 225 186 394 77 379
train00121.jpg 1 OCbottle 302 418 550 563 285 483 532 413 559 509 313 580
train00121.jpg 1 OCbottle 183 383 432 509 176 430 418 378 437 464 194 516
train00121.jpg 1 glassbottle 154 266 345 494 271 248 353 295 225 517 143 470
train00121.jpg 1 pressure 154 138 487 430 131 372 428 123 503 213 206 462
train00121.jpg 1 battery 150 415 365 580 142 527 313 389 373 463 202 601
train00121.jpg 1 lighter 1112 183 1146 282 1109 181 1140 178 1151 279 1120 283
train00121.jpg 1 electronicequipment 1023 163 1132 397 1087 161 1163 190 1077 413 1001 384
train00121.jpg 1 OCbottle 173 91 391 210 172 109 388 86 399 195 184 218
train00121.jpg 1 battery 996 390 1064 513 1020 381 1074 402 1028 521 974 500
train00121.jpg 1 OCbottle 136 484 310 586 152 463 316 507 290 604 126 559
train00121.jpg 1 battery 99 350 166 446 122 350 166 361 143 446 99 434
train00121.jpg 1 battery 992 401 1031 465 1011 401 1031 407 1012 465 992 458
train00121.jpg 1 OCbottle 1064 240 1216 445 1140 240 1216 274 1139 445 1064 411
train00121.jpg 1 OCbottle 986 413 1160 525 986 430 1149 413 1160 508 996 525
train00121.jpg 1 electronicequipment 1035 202 1151 383 1096 202 1151 223 1089 383 1035 362
train00121.jpg 1 lighter 111 439 167 503 131 439 167 453 148 503 111 489
