train01294.jpg 1 electronicequipment 969 190 1063 401 972 190 1059 193 1052 391 965 388
train01294.jpg 1 lighter 963 261 990 374 963 260 990 261 989 374 962 373
train01294.jpg 1 glassbottle 1016 173 1123 470 1051 170 1133 182 1090 486 1009 474
train01294.jpg 1 knife 1035 70 1202 145 1045 50 1207 91 1194 142 1032 102
train01294.jpg 1 umbrella 1098 133 1204 459 1122 123 1215 132 1179 467 1087 458
train01294.jpg 1 umbrella 388 67 476 364 393 65 481 68 470 365 382 362
train01294.jpg 1 metalbottle 441 91 562 416 470 80 576 91 542 412 437 401
train01294.jpg 1 pressure 403 327 643 505 392 462 589 307 646 381 449 535
train01294.jpg 1 electronicequipment 250 233 638 454 253 294 617 229 649 407 285 471
train01294.jpg 1 knife 194 306 268 423 191 307 265 304 270 421 196 424
train01294.jpg 1 lighter 120 165 148 271 118 165 146 164 149 270 121 271
train01294.jpg 1 lighter 152 87 258 168 149 148 253 69 271 93 167 171
train01294.jpg 1 lighter 1016 192 1072 314 1030 190 1074 191 1069 314 1025 313
