train00307.jpg 1 electronicequipment 1031 260 1128 464 1016 272 1058 253 1148 447 1106 466
train00307.jpg 1 OCbottle 1086 320 1196 527 1058 346 1140 297 1255 489 1173 537
train00307.jpg 1 lighter 992 219 1052 318 987 227 1021 217 1048 306 1014 317
train00307.jpg 1 lighter 1061 258 1089 358 1057 259 1085 257 1092 356 1064 358
train00307.jpg 1 pressure 293 197 382 402 289 203 349 192 387 384 326 396
train00307.jpg 1 battery 148 158 357 257 147 190 346 162 356 233 157 261
train00307.jpg 1 lighter 130 206 165 309 116 205 153 198 174 301 138 308
train00307.jpg 1 lighter 135 328 168 463 131 328 164 327 171 462 138 463
train00307.jpg 1 electronicequipment 152 265 258 430 149 270 255 270 255 435 149 435
train00307.jpg 1 knife 134 445 450 521 137 451 450 501 445 530 133 481
train00307.jpg 1 electronicequipment 185 158 720 541 178 294 650 158 728 428 255 563
train00307.jpg 1 electronicequipment 145 391 335 512 162 381 329 429 304 516 137 468
train00307.jpg 1 battery 1049 328 1099 401 1049 337 1070 328 1099 391 1077 401
train00307.jpg 1 OCbottle 1072 93 1202 186 1072 93 1202 93 1202 186 1072 186
train00307.jpg 1 OCbottle 186 198 336 447 186 219 288 198 336 425 234 447
