train00394.jpg 1 glassbottle 146 103 497 309 177 94 515 251 471 345 133 188
train00394.jpg 1 glassbottle 136 211 415 384 146 188 419 321 385 389 112 256
train00394.jpg 1 glassbottle 404 291 527 460 405 289 528 292 525 461 402 458
train00394.jpg 1 OCbottle 178 165 544 335 184 142 544 225 525 308 165 225
train00394.jpg 1 knife 229 377 478 405 229 377 478 377 478 405 229 405
train00394.jpg 1 OCbottle 90 185 399 385 132 165 428 309 374 418 78 274
train00394.jpg 1 lighter 660 138 766 230 661 152 681 131 767 211 747 232
train00394.jpg 1 knife 217 348 394 398 210 348 387 341 388 391 211 398
train00394.jpg 1 battery 648 148 704 209 648 161 662 148 704 196 690 209
train00394.jpg 1 electronicequipment 703 104 875 298 703 156 780 104 875 246 798 298
