train00918.jpg 1 glassbottle 316 187 481 436 350 165 501 202 438 454 287 417
train00918.jpg 1 electronicequipment 389 305 463 454 426 298 480 316 432 466 377 448
train00918.jpg 1 lighter 306 128 382 235 291 143 342 122 384 226 333 246
train00918.jpg 1 electronicequipment 160 69 361 311 150 117 282 58 375 266 242 325
train00918.jpg 1 electronicequipment 203 295 343 480 228 286 358 309 325 498 194 475
train00918.jpg 1 pressure 234 183 367 521 276 173 371 186 323 528 228 514
train00918.jpg 1 glassbottle 134 110 337 457 180 84 356 128 269 476 93 432
train00918.jpg 1 electronicequipment 128 208 212 366 118 212 200 200 222 359 140 370
train00918.jpg 1 battery 234 218 275 303 234 222 264 218 275 298 245 303
train00918.jpg 1 battery 760 122 818 233 760 131 789 122 818 224 789 233
train00918.jpg 1 knife 95 242 234 321 95 269 223 242 234 294 106 321
