train00338.jpg 1 OCbottle 275 246 500 384 263 322 471 238 508 331 301 415
train00338.jpg 1 umbrella 75 447 167 625 64 461 134 434 199 601 128 628
train00338.jpg 1 pressure 239 405 450 591 225 444 287 378 467 545 405 612
train00338.jpg 1 OCbottle 164 540 442 647 164 537 442 542 441 649 163 644
train00338.jpg 1 glassbottle 416 334 527 552 419 332 530 336 523 553 412 549
train00338.jpg 1 knife 320 425 448 521 313 507 414 395 455 432 354 544
train00338.jpg 1 OCbottle 412 399 532 522 480 388 538 430 464 532 406 490
train00338.jpg 1 electronicequipment 180 498 331 584 176 521 307 481 327 547 196 587
train00338.jpg 1 electronicequipment 206 377 410 503 206 436 381 369 411 447 236 514
train00338.jpg 1 lighter 260 446 360 498 267 480 355 444 366 471 278 506
train00338.jpg 1 battery 377 382 438 444 396 382 438 426 418 444 377 400
train00338.jpg 1 electronicequipment 169 506 287 601 169 558 194 506 287 549 263 601
