train00408.jpg 1 electronicequipment 288 146 655 441 280 155 647 136 662 431 295 450
train00408.jpg 1 pressure 216 322 614 412 256 330 616 311 621 405 261 424
train00408.jpg 1 OCbottle 383 22 677 165 372 60 666 14 686 142 392 188
train00408.jpg 1 umbrella 623 136 719 440 610 122 696 117 712 432 626 436
train00408.jpg 1 lighter 714 244 771 350 694 258 742 242 779 356 731 371
train00408.jpg 1 lighter 724 80 773 190 716 67 757 61 778 196 737 202
train00408.jpg 1 OCbottle 435 145 547 369 420 144 535 132 559 363 444 375
train00408.jpg 1 knife 570 245 707 305 571 234 717 265 706 316 561 285
train00408.jpg 1 electronicequipment 557 141 680 334 580 147 688 158 669 339 561 328
train00408.jpg 1 OCbottle 521 377 739 495 519 398 732 375 743 479 530 501
