train00453.jpg 1 pressure 85 24 457 177 83 74 445 16 461 117 99 175
train00453.jpg 1 electronicequipment 320 181 479 301 311 226 453 180 470 233 328 280
train00453.jpg 1 electronicequipment 267 127 479 286 275 218 412 135 455 207 318 289
train00453.jpg 1 lighter 196 197 290 288 207 209 292 266 273 293 189 236
train00453.jpg 1 electronicequipment 177 41 324 188 170 143 272 29 327 79 225 193
train00453.jpg 1 electronicequipment 145 32 280 214 189 16 279 41 231 220 141 196
train00453.jpg 1 electronicequipment 97 3 281 185 115 -1 257 8 244 186 102 176
train00453.jpg 1 metalbottle 205 4 386 306 283 -8 391 18 316 319 208 292
train00453.jpg 1 battery 224 60 421 250 225 200 359 51 422 107 287 256
train00453.jpg 1 OCbottle 358 32 486 338 383 24 484 31 462 341 361 333
train00453.jpg 1 lighter 453 181 484 289 449 182 480 180 487 287 456 289
