train00953.jpg 1 knife 134 275 300 374 128 295 283 257 302 333 147 371
train00953.jpg 1 lighter 174 214 216 310 203 211 222 216 200 309 181 305
train00953.jpg 1 lighter 208 182 252 287 218 180 240 180 236 277 215 277
train00953.jpg 1 electronicequipment 204 236 467 431 201 349 366 220 438 312 274 441
train00953.jpg 1 metalbottle 323 251 484 385 365 233 496 318 443 399 312 314
train00953.jpg 1 metalbottle 69 295 182 445 68 307 169 293 189 436 88 450
train00953.jpg 1 OCbottle 180 349 458 491 173 419 428 316 462 401 207 504
train00953.jpg 1 pressure 108 212 214 433 157 206 222 223 169 422 104 404
train00953.jpg 1 battery 348 166 405 223 348 208 390 166 405 181 363 223
train00953.jpg 1 battery 388 157 425 217 410 157 425 164 403 217 388 210
