train00663.jpg 1 pressure 352 222 704 334 350 219 699 243 693 334 343 310
train00663.jpg 1 knife 274 136 498 567 380 128 508 190 320 575 192 513
train00663.jpg 1 umbrella 130 120 363 383 267 100 374 167 218 415 112 348
train00663.jpg 1 electronicequipment 137 258 330 403 132 390 315 247 337 275 154 419
train00663.jpg 1 electronicequipment 79 374 230 487 66 396 221 369 237 457 81 484
train00663.jpg 1 lighter 165 225 261 338 238 217 265 236 190 347 163 329
train00663.jpg 1 lighter 101 329 163 445 107 326 168 332 156 447 95 441
train00663.jpg 1 lighter 876 431 906 540 880 431 910 431 910 540 880 540
train00663.jpg 1 lighter 971 465 1011 567 967 466 1007 463 1014 565 974 568
train00663.jpg 1 OCbottle 102 299 352 549 81 473 280 252 375 337 176 558
train00663.jpg 1 battery 930 161 975 246 947 161 975 167 958 246 930 240
train00663.jpg 1 battery 895 162 919 225 895 163 915 162 919 223 900 225
train00663.jpg 1 battery 887 472 911 539 887 473 908 472 911 538 889 539
train00663.jpg 1 lighter 961 310 1006 400 961 313 1000 310 1006 397 967 400
train00663.jpg 1 battery 241 140 273 202 249 140 273 144 265 202 241 199
