train00947.jpg 1 electronicequipment 270 226 708 591 429 168 714 453 552 615 267 330
train00947.jpg 1 knife 676 205 764 334 663 214 709 190 775 320 729 343
train00947.jpg 1 electronicequipment 572 293 672 452 564 304 644 292 668 443 589 456
train00947.jpg 1 lighter 744 256 797 387 773 266 807 275 775 395 741 386
train00947.jpg 1 glassbottle 717 231 813 326 719 228 815 233 810 328 714 323
train00947.jpg 1 lighter 1029 311 1118 421 1025 322 1053 302 1114 386 1086 406
train00947.jpg 1 OCbottle 1067 180 1198 322 1099 147 1247 244 1193 327 1045 231
train00947.jpg 1 lighter 1125 381 1198 507 1126 429 1165 401 1242 507 1203 535
train00947.jpg 1 lighter 1075 291 1161 412 1061 308 1094 289 1157 398 1124 417
train00947.jpg 1 metalbottle 1014 218 1176 417 999 248 1082 200 1191 387 1108 436
train00947.jpg 1 knife 622 325 684 521 615 326 661 319 693 522 647 529
train00947.jpg 1 knife 1043 231 1129 420 1031 253 1073 236 1139 407 1097 424
train00947.jpg 1 battery 671 433 761 506 671 474 742 433 761 465 690 506
train00947.jpg 1 battery 650 218 713 322 650 228 677 218 713 311 686 322
train00947.jpg 1 electronicequipment 1101 84 1237 206 1133 84 1237 124 1205 206 1101 166
