train00411.jpg 1 knife 111 310 374 604 91 336 146 288 394 573 339 621
train00411.jpg 1 metalbottle 112 331 257 491 182 322 270 373 191 510 103 459
train00411.jpg 1 pressure 234 241 441 602 226 265 307 232 445 574 364 607
train00411.jpg 1 lighter 204 483 337 551 223 473 338 517 326 548 211 504
train00411.jpg 1 lighter 302 538 438 600 298 571 410 530 421 561 309 601
train00411.jpg 1 battery 850 378 1096 456 839 384 1097 380 1098 460 841 465
train00411.jpg 1 glassbottle 922 449 1097 538 911 423 1112 455 1098 543 897 512
train00411.jpg 1 knife 823 489 1097 589 826 473 1132 567 1122 600 816 506
train00411.jpg 1 pressure 838 344 1097 485 831 423 1137 329 1160 405 854 498
train00411.jpg 1 electronicequipment 110 465 302 565 118 472 312 543 302 569 108 498
train00411.jpg 1 OCbottle 822 431 1048 534 821 460 1048 432 1057 508 831 535
train00411.jpg 1 OCbottle 865 494 1034 620 890 494 1034 539 1009 620 865 576
train00411.jpg 1 electronicequipment 895 567 1093 673 908 569 1122 651 1108 687 894 605
train00411.jpg 1 battery 134 502 213 551 142 502 213 528 205 551 134 525
train00411.jpg 1 battery 229 542 313 598 240 542 313 572 302 598 229 569
train00411.jpg 1 OCbottle 998 550 1119 654 1028 550 1119 596 1090 654 998 608
train00411.jpg 1 battery 936 581 1006 618 941 581 1006 596 1001 618 936 603
train00411.jpg 1 battery 931 601 997 642 938 601 997 618 990 642 931 625
