train01397.jpg 1 knife 440 372 764 529 471 381 771 490 754 536 455 427
train01397.jpg 1 pressure 319 385 741 626 319 550 665 396 702 479 356 632
train01397.jpg 1 electronicequipment 477 544 692 689 514 598 653 536 692 623 553 685
train01397.jpg 1 glassbottle 670 496 764 589 690 490 769 516 743 593 665 568
train01397.jpg 1 metalbottle 881 332 971 520 889 341 966 339 970 516 892 518
train01397.jpg 1 metalbottle 951 313 1049 556 949 316 1031 310 1048 549 966 554
train01397.jpg 1 lighter 450 500 549 570 447 545 534 494 550 523 463 573
train01397.jpg 1 OCbottle 497 464 629 633 497 495 568 464 629 602 559 633
train01397.jpg 1 lighter 889 368 923 453 885 373 911 366 931 441 905 448
train01397.jpg 1 battery 517 592 544 660 529 592 544 595 532 660 517 657
train01397.jpg 1 battery 472 637 540 683 472 668 533 637 540 652 479 683
