train00379.jpg 1 glassbottle 136 420 435 600 124 494 409 373 459 490 174 611
train00379.jpg 1 glassbottle 205 442 403 649 197 472 267 417 437 634 366 689
train00379.jpg 1 battery 338 432 505 624 332 467 421 424 501 587 412 630
train00379.jpg 1 pressure 445 380 637 697 571 356 652 390 517 710 435 675
train00379.jpg 1 knife 485 431 689 697 681 420 701 435 499 703 479 688
train00379.jpg 1 electronicequipment 184 593 395 697 198 586 400 671 384 709 182 624
train00379.jpg 1 umbrella 456 367 559 682 443 370 540 370 540 684 443 684
train00379.jpg 1 lighter 958 255 1042 350 954 278 979 257 1043 330 1018 352
train00379.jpg 1 lighter 971 291 1046 381 959 308 981 290 1039 361 1017 378
train00379.jpg 1 OCbottle 950 182 1062 350 938 249 1027 171 1120 278 1031 355
train00379.jpg 1 OCbottle 93 311 243 520 177 311 250 348 157 530 84 493
train00379.jpg 1 battery 1030 368 1080 425 1030 381 1046 368 1080 413 1063 425
train00379.jpg 1 battery 262 658 343 698 268 658 343 680 338 698 262 677
