train00474.jpg 1 electronicequipment 153 148 672 480 169 189 632 164 647 440 184 465
train00474.jpg 1 electronicequipment 969 400 1070 562 977 397 1070 407 1054 560 961 550
train00474.jpg 1 glassbottle 965 168 1144 454 1082 159 1154 191 1034 461 962 429
train00474.jpg 1 umbrella 973 211 1178 500 952 234 1036 191 1178 468 1093 511
train00474.jpg 1 umbrella 158 500 556 575 159 499 547 513 544 579 156 565
train00474.jpg 1 metalbottle 170 328 553 462 166 380 534 335 544 419 177 464
train00474.jpg 1 pressure 119 130 360 284 120 235 341 132 371 195 150 298
train00474.jpg 1 knife 283 104 439 365 415 103 442 119 300 354 274 338
train00474.jpg 1 knife 964 467 1193 629 971 456 1216 592 1199 621 955 485
train00474.jpg 1 lighter 1009 251 1086 361 1051 252 1082 271 1030 359 998 340
