train00899.jpg 1 OCbottle 180 260 298 429 165 275 271 249 311 412 206 438
train00899.jpg 1 pressure 289 252 416 562 283 258 386 247 418 553 315 564
train00899.jpg 1 knife 135 352 318 567 126 372 165 339 342 549 302 582
train00899.jpg 1 OCbottle 334 536 593 671 358 527 599 606 569 696 328 618
train00899.jpg 1 lighter 447 597 579 655 452 596 595 626 587 666 443 636
train00899.jpg 1 lighter 948 440 1032 550 941 452 984 429 1039 531 996 554
train00899.jpg 1 OCbottle 439 466 654 599 459 454 653 517 627 600 432 536
train00899.jpg 1 umbrella 932 412 1073 562 1078 405 1136 480 1012 577 954 502
train00899.jpg 1 battery 946 412 1015 491 946 429 970 412 1015 473 991 491
train00899.jpg 1 battery 961 384 1070 435 961 388 1069 384 1070 431 963 435
