train00540.jpg 1 OCbottle 1021 312 1097 475 1016 315 1092 304 1114 466 1039 476
train00540.jpg 1 OCbottle 274 482 543 597 271 507 532 471 545 564 284 601
train00540.jpg 1 knife 397 511 743 602 390 566 717 491 726 530 399 606
train00540.jpg 1 metalbottle 488 141 648 274 510 132 660 175 630 280 480 236
train00540.jpg 1 battery 628 171 753 313 631 196 709 174 740 280 662 303
train00540.jpg 1 umbrella 573 292 768 561 579 333 647 293 783 528 715 568
train00540.jpg 1 OCbottle 308 285 560 392 304 314 555 283 566 374 315 405
train00540.jpg 1 OCbottle 541 423 709 616 531 456 599 411 712 586 644 630
train00540.jpg 1 electronicequipment 675 310 814 471 677 329 775 306 811 463 713 486
train00540.jpg 1 electronicequipment 550 352 713 551 557 398 656 347 739 510 640 560
train00540.jpg 1 lighter 349 385 417 496 350 390 381 380 418 489 387 499
train00540.jpg 1 lighter 378 360 456 473 378 367 404 356 447 456 420 467
train00540.jpg 1 knife 628 334 690 498 637 337 689 337 689 498 637 498
train00540.jpg 1 electronicequipment 672 277 817 422 670 291 773 265 809 409 706 434
train00540.jpg 1 battery 1031 353 1090 371 1031 353 1090 353 1090 371 1031 371
train00540.jpg 1 battery 1016 375 1102 424 1016 402 1095 375 1102 396 1023 424
train00540.jpg 1 battery 601 226 650 288 601 236 616 226 650 278 634 288
train00540.jpg 1 battery 561 210 576 278 562 210 576 210 575 278 561 277
