train01009.jpg 1 umbrella 97 200 360 434 125 199 370 377 322 443 77 265
train01009.jpg 1 lighter 174 178 268 270 190 168 284 241 258 274 164 201
train01009.jpg 1 knife 271 218 525 262 270 234 528 216 530 251 272 269
train01009.jpg 1 battery 405 223 573 290 410 228 566 228 566 280 410 280
train01009.jpg 1 lighter 350 161 454 228 346 193 444 150 462 191 364 234
train01009.jpg 1 glassbottle 259 149 485 231 255 141 497 158 491 238 249 221
train01009.jpg 1 pressure 137 408 390 480 135 412 388 403 391 475 138 484
train01009.jpg 1 battery 241 251 298 325 241 264 266 251 298 312 273 325
train01009.jpg 1 battery 252 301 291 371 252 306 277 301 291 366 266 371
train01009.jpg 1 battery 437 140 533 165 437 140 533 140 533 165 437 165
train01009.jpg 1 battery 748 256 810 333 748 273 778 256 810 316 780 333
