train01453.jpg 1 electronicequipment 270 233 677 528 319 236 681 333 623 546 261 449
train01453.jpg 1 OCbottle 219 295 460 453 258 264 456 388 404 472 206 348
train01453.jpg 1 pressure 282 234 638 363 304 230 640 295 625 369 289 304
train01453.jpg 1 battery 912 63 1018 203 925 66 1016 86 989 203 898 183
train01453.jpg 1 glassbottle 932 255 1028 346 961 236 1044 286 997 364 914 314
train01453.jpg 1 knife 191 200 610 295 202 178 602 278 593 314 193 214
train01453.jpg 1 lighter 895 190 911 297 896 196 917 197 912 297 891 296
train01453.jpg 1 lighter 883 288 904 378 882 288 902 287 903 377 883 378
train01453.jpg 1 lighter 433 395 507 477 417 445 496 395 513 422 434 472
train01453.jpg 1 battery 990 264 1033 348 1004 264 1033 269 1019 348 990 343
train01453.jpg 1 battery 869 365 911 418 893 365 911 375 887 418 869 408
train01453.jpg 1 electronicequipment 906 164 989 280 931 164 989 178 964 280 906 266
train01453.jpg 1 battery 901 122 942 193 914 122 942 128 929 193 901 187
train01453.jpg 1 metalbottle 963 48 1045 210 972 48 1045 52 1036 210 963 206
