train01254.jpg 1 electronicequipment 838 170 905 332 819 186 877 163 938 315 880 338
train01254.jpg 1 battery 846 2 922 222 846 2 922 2 922 221 846 221
train01254.jpg 1 lighter 888 283 922 389 875 289 906 280 936 384 905 393
train01254.jpg 1 pressure 133 180 224 425 129 181 220 178 229 423 138 426
train01254.jpg 1 electronicequipment 84 107 388 385 72 128 350 89 390 368 111 407
train01254.jpg 1 electronicequipment 137 28 442 262 155 24 449 76 414 274 121 223
train01254.jpg 1 lighter 204 269 313 335 211 265 314 291 302 336 200 310
train01254.jpg 1 electronicequipment 153 39 317 306 191 29 317 51 272 310 145 288
train01254.jpg 1 electronicequipment 298 99 403 257 328 96 415 118 380 258 293 236
train01254.jpg 1 knife 117 305 265 380 117 339 255 305 265 346 127 380
