train01233.jpg 1 umbrella 56 97 321 371 29 138 89 78 351 339 291 399
train01233.jpg 1 knife 102 67 472 350 93 260 455 52 519 162 157 371
train01233.jpg 1 knife 265 265 338 514 294 257 361 267 321 521 254 511
train01233.jpg 1 OCbottle 179 334 305 519 169 356 260 321 328 499 238 534
train01233.jpg 1 OCbottle 93 330 189 468 78 346 153 317 205 453 130 481
train01233.jpg 1 OCbottle 25 354 256 522 47 329 272 459 227 536 2 407
train01233.jpg 1 lighter 33 299 71 424 25 301 64 297 76 409 37 413
train01233.jpg 1 OCbottle 3 133 119 347 -21 149 66 120 135 332 47 361
train01233.jpg 1 lighter -30 289 43 394 -30 304 2 289 43 379 9 394
train01233.jpg 1 battery -17 245 53 309 -17 271 2 245 53 282 34 309
