train00841.jpg 1 OCbottle 126 105 362 421 307 92 391 149 205 425 121 368
train00841.jpg 1 electronicequipment 186 203 368 398 295 203 373 266 254 413 176 349
train00841.jpg 1 lighter 221 174 322 267 296 172 316 194 238 269 217 248
train00841.jpg 1 metalbottle 318 276 480 418 420 257 488 324 382 430 315 362
train00841.jpg 1 metalbottle 213 365 364 528 301 352 366 392 275 538 210 497
train00841.jpg 1 battery 88 401 219 516 98 423 214 431 209 506 93 498
train00841.jpg 1 knife 232 325 549 474 218 348 539 326 549 468 228 490
train00841.jpg 1 umbrella 213 383 568 526 217 427 547 392 554 457 224 492
train00841.jpg 1 electronicequipment 81 252 275 450 188 243 259 294 147 448 77 397
train00841.jpg 1 electronicequipment 944 266 1114 449 1081 265 1144 341 1006 456 943 381
train00841.jpg 1 battery 117 390 191 460 137 390 191 439 172 460 117 411
