train00382.jpg 1 pressure 140 120 502 381 132 312 467 119 507 187 172 380
train00382.jpg 1 electronicequipment 158 271 343 412 163 348 301 255 351 330 213 423
train00382.jpg 1 knife 212 70 404 280 195 272 371 55 411 88 236 305
train00382.jpg 1 knife 1054 274 1187 385 1048 356 1163 263 1199 308 1084 400
train00382.jpg 1 lighter 970 403 1039 525 1018 408 1045 419 1001 528 974 517
train00382.jpg 1 electronicequipment 1089 343 1184 456 1134 332 1176 350 1125 464 1083 446
train00382.jpg 1 OCbottle 196 261 392 431 190 369 360 241 412 310 242 438
train00382.jpg 1 electronicequipment 1013 324 1180 513 1097 296 1190 340 1114 503 1021 459
train00382.jpg 1 glassbottle 1007 493 1109 585 1057 475 1114 532 1053 593 996 536
train00382.jpg 1 lighter 134 297 230 413 190 297 230 321 174 413 134 389
train00382.jpg 1 battery 1018 366 1073 421 1018 404 1056 366 1073 383 1035 421
train00382.jpg 1 battery 1087 442 1116 492 1087 443 1115 442 1116 491 1088 492
