train01439.jpg 1 OCbottle 256 190 596 411 281 163 603 313 561 403 239 253
train01439.jpg 1 OCbottle 153 350 298 563 127 395 216 344 314 514 225 565
train01439.jpg 1 metalbottle 230 363 402 471 226 375 394 360 403 457 234 472
train01439.jpg 1 OCbottle 386 391 570 509 399 405 568 405 568 494 399 494
train01439.jpg 1 metalbottle 296 465 609 589 304 462 609 516 595 594 291 540
train01439.jpg 1 glassbottle 287 474 556 622 308 485 528 544 506 623 287 564
train01439.jpg 1 knife 299 485 453 609 325 487 458 598 438 622 305 510
train01439.jpg 1 battery 239 545 460 637 246 548 398 589 390 620 237 580
train01439.jpg 1 lighter 312 598 419 657 344 598 461 641 451 669 333 627
train01439.jpg 1 lighter 401 609 489 657 410 595 501 620 492 651 401 627
train01439.jpg 1 battery 428 659 505 687 430 659 505 666 503 687 428 680
train01439.jpg 1 battery 449 613 561 650 451 613 561 623 558 650 449 640
train01439.jpg 1 battery 344 624 413 671 352 624 413 652 404 671 344 643
