train01019.jpg 1 lighter 265 269 325 403 270 294 298 288 324 397 295 404
train01019.jpg 1 lighter 289 272 344 377 292 279 319 274 340 372 313 377
train01019.jpg 1 metalbottle 282 182 553 465 258 228 341 156 559 408 477 479
train01019.jpg 1 pressure 371 368 733 515 369 454 719 367 738 441 387 528
train01019.jpg 1 umbrella 394 168 687 385 429 155 699 330 655 397 385 222
train01019.jpg 1 electronicequipment 458 131 575 320 467 138 581 144 572 324 457 317
train01019.jpg 1 battery 486 179 620 321 491 233 556 181 623 264 559 316
train01019.jpg 1 knife 565 125 711 503 533 141 596 119 724 492 662 513
train01019.jpg 1 battery 479 276 555 363 479 293 503 276 555 345 531 363
train01019.jpg 1 battery 513 135 583 196 513 156 527 135 583 176 568 196
