train01245.jpg 1 umbrella 406 216 503 513 402 220 490 212 515 503 427 511
train01245.jpg 1 metalbottle 482 232 607 554 486 230 590 228 596 547 492 549
train01245.jpg 1 electronicequipment 279 367 678 613 278 423 655 363 686 558 309 618
train01245.jpg 1 knife 222 447 296 570 218 460 270 444 304 554 252 570
train01245.jpg 1 pressure 374 431 649 648 367 605 604 405 653 464 416 663
train01245.jpg 1 lighter 152 353 195 470 138 359 180 349 208 463 166 473
train01245.jpg 1 lighter 179 248 285 318 177 295 273 240 289 267 193 323
train01245.jpg 1 lighter 1011 324 1041 445 1013 323 1043 324 1038 445 1008 444
train01245.jpg 1 electronicequipment 1017 248 1129 468 1041 250 1131 259 1109 472 1019 462
train01245.jpg 1 glassbottle 1055 252 1193 550 1122 241 1203 261 1129 556 1049 536
train01245.jpg 1 umbrella 1120 247 1216 548 1218 234 1307 270 1194 549 1105 513
