train01425.jpg 1 pressure 301 296 720 440 296 358 707 293 722 388 311 453
train01425.jpg 1 electronicequipment 319 491 536 618 312 526 526 484 545 586 332 628
train01425.jpg 1 electronicequipment 248 538 496 677 254 589 479 533 501 621 276 677
train01425.jpg 1 knife 257 502 594 686 254 664 584 489 608 534 278 709
train01425.jpg 1 lighter 273 646 394 673 275 647 396 647 396 674 275 674
train01425.jpg 1 lighter 606 564 730 613 604 584 730 564 735 594 609 614
train01425.jpg 1 battery 590 478 759 582 590 480 759 475 763 579 594 584
train01425.jpg 1 glassbottle 881 265 1003 445 966 254 1024 292 918 455 860 417
train01425.jpg 1 glassbottle 928 345 1054 416 941 353 1067 339 1074 410 949 423
train01425.jpg 1 lighter 955 223 1030 317 1011 208 1043 223 988 337 956 321
train01425.jpg 1 battery 980 154 1054 278 1000 154 1054 164 1034 278 980 269
train01425.jpg 1 battery 496 560 640 624 496 589 633 560 640 596 504 624
train01425.jpg 1 battery 442 596 495 663 445 596 495 598 492 663 442 661
train01425.jpg 1 battery 262 645 346 695 271 645 346 668 338 695 262 672
train01425.jpg 1 battery 876 326 962 429 938 326 962 344 901 429 876 411
