train01163.jpg 1 knife 141 67 510 268 124 214 488 36 516 93 152 270
train01163.jpg 1 electronicequipment 511 100 645 269 562 98 650 132 592 284 503 250
train01163.jpg 1 battery 162 241 324 396 166 290 230 237 318 341 254 395
train01163.jpg 1 knife 297 259 431 357 317 258 431 335 413 362 299 285
train01163.jpg 1 glassbottle 630 134 730 246 622 174 694 129 749 217 677 262
train01163.jpg 1 lighter 481 265 580 348 488 299 574 257 587 284 501 326
train01163.jpg 1 lighter 624 222 742 309 636 279 728 219 741 240 650 300
train01163.jpg 1 electronicequipment 333 170 458 368 327 180 433 166 459 352 353 367
train01163.jpg 1 lighter 207 360 329 383 207 360 329 360 329 383 207 383
train01163.jpg 1 battery 385 334 464 369 385 349 460 334 464 354 389 369
