train01398.jpg 1 metalbottle 589 231 732 418 585 250 683 222 733 398 635 426
train01398.jpg 1 knife 160 157 227 261 148 175 186 155 233 247 195 266
train01398.jpg 1 metalbottle 222 172 462 367 217 190 450 173 462 350 230 366
train01398.jpg 1 knife 271 147 609 217 273 142 608 201 603 230 268 170
train01398.jpg 1 lighter 151 408 219 490 199 405 220 416 182 486 160 474
train01398.jpg 1 lighter 154 269 256 332 154 318 223 268 237 287 168 337
train01398.jpg 1 electronicequipment 141 509 329 559 137 526 321 510 324 547 141 563
train01398.jpg 1 knife 1024 177 1216 337 1024 311 1196 177 1216 202 1044 337
train01398.jpg 1 metalbottle 1102 162 1197 399 1180 160 1269 185 1206 406 1117 380
train01398.jpg 1 OCbottle 1056 185 1144 318 1081 182 1151 202 1118 319 1048 299
train01398.jpg 1 battery 155 447 292 480 155 450 291 455 291 473 154 468
train01398.jpg 1 lighter 1113 202 1163 290 1138 202 1163 210 1138 290 1113 282
train01398.jpg 1 battery 1129 267 1161 344 1129 270 1152 267 1161 341 1138 344
