train01200.jpg 1 knife 594 137 702 420 645 125 774 159 702 428 573 394
train01200.jpg 1 electronicequipment 49 286 241 428 110 258 242 399 181 456 50 315
train01200.jpg 1 electronicequipment 67 279 263 406 101 249 266 373 224 428 59 305
train01200.jpg 1 knife 97 15 404 359 306 -32 413 36 188 382 81 312
train01200.jpg 1 knife 97 53 355 245 72 200 305 36 368 126 134 290
train01200.jpg 1 lighter 128 246 210 324 138 243 224 303 207 328 121 268
train01200.jpg 1 lighter 130 229 227 279 121 213 229 261 217 287 109 239
train01200.jpg 1 lighter 147 322 235 394 164 308 242 378 222 400 144 330
train01200.jpg 1 battery 85 267 146 336 85 282 103 267 146 321 127 336
train01200.jpg 1 battery 166 399 243 450 166 427 233 399 243 423 175 450
