train01393.jpg 1 pressure 240 313 622 533 267 303 628 472 595 541 234 373
train01393.jpg 1 lighter 164 275 221 381 170 263 200 264 198 367 168 367
train01393.jpg 1 electronicequipment 168 272 365 378 170 280 360 280 360 369 170 369
train01393.jpg 1 lighter 226 325 314 425 294 337 311 354 238 426 222 410
train01393.jpg 1 electronicequipment 980 167 1157 493 979 206 1161 161 1231 442 1049 488
train01393.jpg 1 lighter 1045 295 1083 412 1056 282 1086 283 1084 395 1054 394
train01393.jpg 1 battery 1068 466 1128 520 1081 466 1128 503 1115 520 1068 483
train01393.jpg 1 battery 1011 396 1052 466 1011 402 1037 396 1052 460 1025 466
train01393.jpg 1 battery 975 198 1040 276 1013 198 1040 215 1002 276 975 259
train01393.jpg 1 battery 987 292 1023 361 987 296 1013 292 1023 357 997 361
