train01170.jpg 1 electronicequipment 198 140 349 263 200 213 316 131 354 186 238 267
train01170.jpg 1 metalbottle 131 180 346 313 126 233 329 167 358 257 155 323
train01170.jpg 1 lighter 337 199 433 283 361 208 440 261 421 289 342 236
train01170.jpg 1 electronicequipment 262 165 435 313 303 150 431 261 378 321 251 210
train01170.jpg 1 OCbottle 118 398 461 553 146 387 476 494 443 593 113 486
train01170.jpg 1 pressure 210 369 491 493 232 368 496 429 477 513 212 452
train01170.jpg 1 knife 120 299 553 380 119 302 552 295 553 376 120 383
train01170.jpg 1 metalbottle 1097 491 1221 595 1097 512 1205 491 1221 574 1113 595
train01170.jpg 1 battery 237 292 320 332 242 292 320 306 315 332 237 318
train01170.jpg 1 battery 416 284 454 359 430 284 454 288 440 359 416 355
train01170.jpg 1 OCbottle 391 474 541 574 391 530 522 474 541 518 409 574
