train00427.jpg 1 knife 79 236 136 478 84 237 118 234 128 389 95 392
train00427.jpg 1 umbrella 133 177 247 516 139 188 228 185 239 514 150 517
train00427.jpg 1 OCbottle 77 398 163 517 75 417 147 397 175 500 103 520
train00427.jpg 1 metalbottle 895 199 1080 346 895 278 1077 205 1107 279 925 352
train00427.jpg 1 OCbottle 75 138 199 351 75 155 161 138 199 334 113 351
train00427.jpg 1 battery 969 135 1077 222 980 147 1075 142 1078 213 983 218
train00427.jpg 1 metalbottle 973 277 1076 386 970 289 1076 278 1086 373 980 385
train00427.jpg 1 umbrella 964 347 1078 465 959 414 1077 342 1121 414 1002 485
train00427.jpg 1 knife 104 357 140 480 98 360 114 356 144 476 127 480
train00427.jpg 1 battery 74 374 120 437 74 384 98 374 120 427 97 437
train00427.jpg 1 battery 66 349 111 389 66 371 99 349 111 367 77 389
train00427.jpg 1 battery 70 230 102 304 77 230 102 232 95 304 70 302
