train00817.jpg 1 OCbottle 172 89 360 481 303 87 405 125 273 488 171 451
train00817.jpg 1 OCbottle 288 376 379 510 303 378 383 387 371 500 291 491
train00817.jpg 1 OCbottle 196 257 390 457 173 409 359 248 407 303 221 465
train00817.jpg 1 glassbottle 356 403 581 558 392 397 619 508 580 587 353 476
train00817.jpg 1 electronicequipment 228 496 414 544 230 516 410 497 413 526 233 545
train00817.jpg 1 lighter 319 551 446 597 318 548 394 562 391 582 315 568
train00817.jpg 1 battery 407 545 542 593 413 541 543 564 539 590 408 567
train00817.jpg 1 metalbottle 803 452 937 572 871 423 955 489 872 596 787 530
train00817.jpg 1 battery 461 570 529 605 466 570 529 590 524 605 461 585
train00817.jpg 1 battery 429 574 497 608 433 574 497 588 492 608 429 594
train00817.jpg 1 lighter 411 513 545 564 416 513 545 528 541 564 411 548
