train01070.jpg 1 lighter 344 505 410 591 380 498 416 517 374 596 338 576
train01070.jpg 1 lighter 324 487 385 565 356 477 394 494 358 573 320 556
train01070.jpg 1 umbrella 512 168 711 459 497 193 580 149 735 440 652 484
train01070.jpg 1 battery 598 134 676 288 607 128 688 139 667 292 585 280
train01070.jpg 1 electronicequipment 642 125 787 332 605 156 649 113 820 290 776 333
train01070.jpg 1 electronicequipment 669 244 795 447 632 307 707 236 847 381 773 453
train01070.jpg 1 metalbottle 659 227 798 394 623 277 693 209 824 344 753 412
train01070.jpg 1 OCbottle 555 159 748 432 511 194 617 128 790 404 684 470
train01070.jpg 1 electronicequipment 974 318 1074 493 972 318 1072 317 1075 492 975 493
train01070.jpg 1 pressure 503 219 629 556 496 223 588 210 636 551 544 564
train01070.jpg 1 lighter 962 443 1077 521 967 435 1081 451 1071 528 957 512
train01070.jpg 1 lighter 977 474 1074 567 983 467 1080 481 1067 573 970 559
