train00166.jpg 1 electronicequipment 497 156 686 305 556 148 688 251 634 320 502 217
train00166.jpg 1 battery 686 173 836 333 671 247 705 187 857 274 823 334
train00166.jpg 1 knife 608 59 719 181 605 87 642 52 726 141 688 176
train00166.jpg 1 OCbottle 531 9 682 235 500 47 580 2 691 201 610 246
train00166.jpg 1 electronicequipment 353 240 804 561 606 174 807 374 556 624 356 424
train00166.jpg 1 pressure 278 140 698 350 273 272 618 153 646 234 301 353
train00166.jpg 1 OCbottle 232 55 548 239 219 178 515 46 557 141 261 273
train00166.jpg 1 electronicequipment 431 398 652 522 455 387 639 454 613 525 429 458
train00166.jpg 1 battery 516 30 545 108 516 33 533 30 545 105 527 108
train00166.jpg 1 umbrella 512 204 795 418 546 204 795 366 761 418 512 257
