train00958.jpg 1 pressure 386 32 479 336 390 33 476 33 476 340 390 340
train00958.jpg 1 battery 210 297 403 500 204 346 286 286 409 456 327 515
train00958.jpg 1 battery 269 343 399 458 267 388 372 328 418 409 314 469
train00958.jpg 1 knife 538 153 620 283 530 164 574 144 635 273 590 294
train00958.jpg 1 lighter 191 274 241 358 188 285 214 273 257 365 231 377
train00958.jpg 1 lighter 134 180 194 280 125 190 155 171 214 266 184 285
train00958.jpg 1 electronicequipment 119 50 276 188 119 82 201 30 288 169 206 220
train00958.jpg 1 electronicequipment 168 70 330 284 162 101 272 65 332 248 222 283
train00958.jpg 1 glassbottle 167 188 267 281 156 207 249 176 277 261 183 291
train00958.jpg 1 electronicequipment 210 242 303 350 201 264 262 230 316 326 254 360
train00958.jpg 1 battery 278 169 369 281 278 189 337 169 369 261 310 281
train00958.jpg 1 battery 236 334 312 400 236 379 296 334 312 354 251 400
train00958.jpg 1 battery 126 121 168 185 126 129 145 121 168 177 148 185
