train00728.jpg 1 glassbottle 212 186 402 452 175 224 297 160 430 409 308 474
train00728.jpg 1 pressure 307 193 451 442 298 211 370 186 453 425 381 450
train00728.jpg 1 lighter 252 392 361 458 261 384 363 417 352 453 249 420
train00728.jpg 1 metalbottle 728 218 837 398 756 211 843 230 806 404 719 385
train00728.jpg 1 electronicequipment 180 420 380 465 182 416 381 437 377 469 178 448
train00728.jpg 1 lighter 196 440 325 462 199 434 324 445 322 468 197 457
train00728.jpg 1 OCbottle 428 166 543 354 441 166 543 173 530 354 428 347
train00728.jpg 1 battery 410 380 492 437 421 380 492 411 481 437 410 407
train00728.jpg 1 battery 740 173 826 212 742 173 826 176 825 212 740 209
train00728.jpg 1 battery 495 159 536 222 495 164 528 159 536 217 503 222
train00728.jpg 1 battery 800 348 843 399 814 348 843 357 828 399 800 389
train00728.jpg 1 battery 269 177 333 219 276 177 333 190 326 219 269 206
