train00179.jpg 1 battery 207 244 316 413 213 243 316 244 313 400 210 399
train00179.jpg 1 knife 158 245 354 603 137 256 195 229 367 597 309 624
train00179.jpg 1 knife 213 462 270 604 232 461 275 470 247 601 204 592
train00179.jpg 1 lighter 87 453 133 550 74 460 103 451 133 541 103 550
train00179.jpg 1 glassbottle 129 469 216 556 129 469 216 469 216 556 129 556
train00179.jpg 1 lighter 279 320 349 420 282 329 313 315 358 412 327 426
train00179.jpg 1 electronicequipment 1042 235 1195 406 1035 304 1107 223 1226 330 1154 411
train00179.jpg 1 umbrella 984 128 1172 338 945 274 1144 119 1192 181 993 336
train00179.jpg 1 umbrella 1002 347 1197 508 1028 339 1229 446 1194 513 993 406
train00179.jpg 1 battery 101 417 131 481 101 420 125 417 131 478 108 481
train00179.jpg 1 battery 121 303 159 374 121 307 148 303 159 369 131 374
train00179.jpg 1 battery 1010 207 1037 267 1010 210 1030 207 1037 265 1017 267
train00179.jpg 1 battery 1088 286 1132 358 1088 293 1111 286 1132 350 1109 358
train00179.jpg 1 battery 1078 370 1146 437 1093 370 1146 421 1131 437 1078 386
