train00142.jpg 1 electronicequipment 88 376 282 604 191 358 294 423 175 613 72 549
train00142.jpg 1 pressure 241 167 379 536 299 162 389 178 325 544 234 528
train00142.jpg 1 OCbottle 156 185 293 461 222 176 313 190 269 467 178 453
train00142.jpg 1 electronicequipment 134 277 228 456 169 267 244 285 199 465 124 447
train00142.jpg 1 OCbottle 437 381 743 479 437 381 743 381 743 479 437 479
train00142.jpg 1 battery 223 361 277 420 232 361 277 369 268 420 223 413
train00142.jpg 1 battery 99 401 190 506 148 401 190 427 141 506 99 480
train00142.jpg 1 electronicequipment 1055 187 1198 376 1055 220 1129 187 1198 343 1124 376
train00142.jpg 1 lighter 1083 264 1141 382 1083 265 1139 264 1141 381 1086 382
train00142.jpg 1 lighter 197 148 264 263 201 148 264 151 260 263 197 261
train00142.jpg 1 lighter 109 352 190 478 114 352 190 354 185 478 109 476
