train00860.jpg 1 metalbottle 304 425 516 489 306 423 506 437 503 489 302 475
train00860.jpg 1 knife 252 456 396 496 254 461 393 461 393 493 254 493
train00860.jpg 1 glassbottle 24 416 273 567 23 503 235 409 271 490 59 584
train00860.jpg 1 battery 77 498 298 589 86 500 294 522 287 584 80 563
train00860.jpg 1 lighter 252 560 369 598 252 559 368 574 365 595 249 581
train00860.jpg 1 electronicequipment 650 300 761 478 648 325 678 307 767 461 737 479
train00860.jpg 1 knife 769 313 884 460 775 334 809 313 892 441 859 463
train00860.jpg 1 lighter 688 313 746 425 689 324 705 317 749 415 733 422
train00860.jpg 1 metalbottle 3 360 170 493 -21 413 113 332 175 434 40 516
train00860.jpg 1 OCbottle 592 239 782 365 616 239 782 296 758 365 592 308
train00860.jpg 1 glassbottle 766 501 870 584 785 501 870 555 852 584 766 530
