train01211.jpg 1 pressure 377 260 621 350 383 259 629 289 621 353 375 323
train01211.jpg 1 lighter 267 155 362 203 271 151 360 184 351 209 261 177
train01211.jpg 1 lighter 626 217 662 339 642 216 671 221 648 337 619 331
train01211.jpg 1 knife 179 216 858 464 193 200 832 395 813 458 173 262
train01211.jpg 1 OCbottle 239 184 499 303 252 187 502 227 488 315 238 275
train01211.jpg 1 electronicequipment 443 212 620 411 517 208 614 244 552 415 454 380
train01211.jpg 1 lighter 1060 378 1151 412 1083 377 1160 396 1155 414 1078 395
train01211.jpg 1 lighter 1060 395 1153 436 1078 397 1155 420 1150 437 1073 415
train01211.jpg 1 OCbottle 436 213 634 328 455 205 641 248 621 335 435 292
train01211.jpg 1 battery 485 212 546 246 490 212 546 226 541 246 485 231
train01211.jpg 1 battery 519 237 600 287 527 237 600 264 592 287 519 260
train01211.jpg 1 battery 1066 574 1089 632 1076 574 1089 576 1079 632 1066 630
train01211.jpg 1 metalbottle 1077 536 1165 631 1078 536 1165 537 1164 631 1077 629
train01211.jpg 1 battery 1014 636 1083 661 1016 636 1083 646 1081 661 1014 650
