train01364.jpg 1 metalbottle 62 418 229 567 127 389 239 518 160 587 48 458
train01364.jpg 1 electronicequipment 121 405 335 535 137 383 347 499 322 544 112 427
train01364.jpg 1 lighter 212 564 323 615 218 561 326 600 318 621 211 582
train01364.jpg 1 lighter 202 538 316 593 224 537 323 569 316 592 216 559
train01364.jpg 1 lighter 201 494 327 556 213 487 303 529 292 554 201 512
train01364.jpg 1 knife 135 374 450 615 152 362 465 597 444 624 132 389
train01364.jpg 1 pressure 175 331 524 618 217 316 540 560 488 630 165 386
train01364.jpg 1 OCbottle 87 458 300 599 102 461 303 527 277 608 76 542
train01364.jpg 1 battery 172 486 223 559 200 486 223 497 195 559 172 549
train01364.jpg 1 battery 183 503 261 548 183 524 254 503 261 528 190 548
train01364.jpg 1 battery 97 547 167 584 102 547 167 565 162 584 97 566
train01364.jpg 1 battery 90 497 176 564 106 497 176 528 161 564 90 532
train01364.jpg 1 umbrella 0 0 0 0 408 303 498 277 532 392 441 419
train01364.jpg 1 pressure 0 0 0 0 34 622 65 551 101 566 69 638
train01364.jpg 1 metalbottle 0 0 0 0 287 311 377 172 417 197 325 337
