train01167.jpg 1 knife 474 120 613 286 468 143 507 112 628 268 589 298
train01167.jpg 1 glassbottle 541 283 659 389 541 341 600 278 662 335 603 398
train01167.jpg 1 electronicequipment 207 158 534 494 209 169 475 127 532 489 266 531
train01167.jpg 1 lighter 323 259 395 371 335 274 365 267 392 376 362 383
train01167.jpg 1 battery 539 148 603 226 539 163 562 148 603 211 580 226
train01167.jpg 1 battery 380 318 445 394 380 334 402 318 445 378 424 394
train01167.jpg 1 OCbottle 450 142 567 306 450 166 498 142 567 282 518 306
train01167.jpg 1 pressure 0 0 0 0 366 287 442 275 448 314 371 326
train01167.jpg 1 pressure 0 0 0 0 766 295 819 210 847 227 793 312
train01167.jpg 1 glassbottle 0 0 0 0 416 493 476 449 501 483 440 527
