train00096.jpg 1 metalbottle 525 138 800 355 564 128 802 289 752 364 514 203
train00096.jpg 1 electronicequipment 384 24 521 104 379 48 506 26 517 85 390 107
train00096.jpg 1 umbrella 418 302 792 405 412 305 781 330 775 405 407 379
train00096.jpg 1 knife 563 294 699 379 578 287 703 346 685 386 560 327
train00096.jpg 1 knife 303 242 707 492 365 241 716 468 654 563 303 336
train00096.jpg 1 lighter 1110 382 1186 502 1116 382 1145 374 1181 497 1152 505
train00096.jpg 1 lighter 1083 313 1164 389 1084 290 1165 353 1142 381 1061 318
train00096.jpg 1 knife 1096 271 1183 347 1112 260 1205 324 1182 358 1089 294
train00096.jpg 1 pressure 0 0 0 0 169 261 173 223 251 232 246 271
train00096.jpg 1 glassbottle 0 0 0 0 301 65 338 41 385 111 347 136
train00096.jpg 1 metalbottle 0 0 0 0 171 446 217 431 266 577 219 593
