train01162.jpg 1 lighter 411 214 451 308 415 212 455 215 446 309 406 306
train01162.jpg 1 OCbottle 138 31 366 216 188 16 396 161 331 254 123 108
train01162.jpg 1 electronicequipment 199 163 378 261 189 187 362 141 387 236 214 282
train01162.jpg 1 knife 221 298 307 453 212 311 248 294 316 441 280 458
train01162.jpg 1 battery 233 247 370 407 248 298 335 275 364 383 277 406
train01162.jpg 1 battery 148 214 269 432 139 234 187 212 271 392 223 414
train01162.jpg 1 lighter 242 376 325 453 234 432 298 367 326 394 261 459
train01162.jpg 1 OCbottle 249 148 462 396 387 148 462 200 324 396 249 344
train01162.jpg 1 pressure 0 0 0 0 6 340 16 300 94 319 84 359
train01162.jpg 1 glassbottle 0 0 0 0 432 392 466 386 482 465 447 472
train01162.jpg 1 battery 0 0 0 0 131 496 150 467 193 495 173 525
