train00492.jpg 1 lighter 487 189 606 217 486 189 606 189 606 217 486 217
train00492.jpg 1 lighter 513 152 646 207 521 156 638 170 634 206 516 192
train00492.jpg 1 battery 430 211 596 278 426 219 592 202 599 269 433 286
train00492.jpg 1 knife 328 179 463 219 328 177 463 180 462 220 327 217
train00492.jpg 1 glassbottle 300 162 376 254 282 162 376 162 376 254 282 254
train00492.jpg 1 electronicequipment 571 195 678 314 622 190 679 224 619 325 562 290
train00492.jpg 1 lighter 186 158 294 195 184 166 289 166 289 193 184 193
train00492.jpg 1 lighter 191 155 282 226 208 156 262 212 242 232 188 176
train00492.jpg 1 battery 380 432 490 490 380 433 489 432 490 489 381 490
train00492.jpg 1 battery 322 132 390 157 323 132 390 133 389 157 322 156
train00492.jpg 1 battery 324 150 406 201 332 150 406 168 398 201 324 183
train00492.jpg 1 battery 237 145 309 168 237 145 309 145 309 168 237 168
train00492.jpg 1 electronicequipment 162 126 321 298 234 126 321 246 248 298 162 179
train00492.jpg 1 metalbottle 0 0 0 0 845 439 975 330 1003 363 872 472
train00492.jpg 1 battery 0 0 0 0 6 96 87 69 96 96 15 124
train00492.jpg 1 electronicequipment 0 0 0 0 385 144 483 143 484 185 386 187
