train00449.jpg 1 knife 648 67 730 236 654 74 705 64 740 225 689 236
train00449.jpg 1 knife 522 99 743 361 524 113 558 87 753 346 719 372
train00449.jpg 1 lighter 636 155 704 255 640 170 671 158 704 245 673 257
train00449.jpg 1 electronicequipment 750 309 855 500 834 307 879 337 773 500 728 470
train00449.jpg 1 OCbottle 434 124 553 459 419 129 526 120 554 446 448 455
train00449.jpg 1 lighter 257 295 352 381 340 292 358 313 274 389 255 368
train00449.jpg 1 OCbottle 497 194 750 514 497 246 668 194 750 462 578 514
train00449.jpg 1 umbrella 0 0 0 0 803 473 805 355 847 356 845 474
train00449.jpg 1 pressure 0 0 0 0 34 571 57 496 94 506 70 583
train00449.jpg 1 metalbottle 0 0 0 0 395 95 397 57 546 66 544 105
