train00473.jpg 1 glassbottle 79 190 544 345 78 233 531 170 548 285 94 349
train00473.jpg 1 knife 97 249 482 476 99 424 448 223 494 302 145 504
train00473.jpg 1 lighter 1009 101 1065 213 1009 108 1041 101 1065 206 1033 213
train00473.jpg 1 lighter 1008 103 1069 210 1044 50 1078 48 1084 142 1051 144
train00473.jpg 1 OCbottle 1056 355 1201 446 1062 363 1207 363 1207 443 1062 443
train00473.jpg 1 metalbottle 122 301 289 415 122 325 275 301 289 391 136 415
train00473.jpg 1 metalbottle 977 138 1111 320 977 159 1077 138 1111 299 1011 320
train00473.jpg 1 battery 0 0 0 0 853 354 881 337 908 381 879 398
train00473.jpg 1 battery 0 0 0 0 335 162 356 153 389 225 368 235
train00473.jpg 1 electronicequipment 0 0 0 0 599 297 622 199 629 200 604 299
