train00144.jpg 1 electronicequipment 1004 195 1122 395 1004 204 1107 198 1117 390 1014 396
train00144.jpg 1 lighter 1004 265 1040 385 1002 265 1038 264 1041 384 1005 385
train00144.jpg 1 glassbottle 1059 157 1187 457 1051 170 1130 154 1192 445 1113 462
train00144.jpg 1 umbrella 1129 119 1216 439 1119 129 1194 112 1265 419 1189 437
train00144.jpg 1 metalbottle 1061 65 1214 133 1064 70 1218 59 1223 121 1069 132
train00144.jpg 1 metalbottle 473 73 593 401 464 79 572 71 594 391 486 399
train00144.jpg 1 umbrella 397 55 488 353 394 55 485 54 490 352 399 353
train00144.jpg 1 electronicequipment 281 229 695 496 268 310 628 193 695 401 335 518
train00144.jpg 1 lighter 170 89 275 169 161 168 250 65 288 99 200 201
train00144.jpg 1 lighter 179 206 232 319 192 202 229 202 231 320 194 321
train00144.jpg 1 knife 228 401 303 487 226 413 282 398 307 491 251 506
train00144.jpg 1 metalbottle 368 388 576 462 372 383 576 401 570 467 366 450
train00144.jpg 1 umbrella 0 0 0 0 865 358 868 310 987 319 982 368
train00144.jpg 1 pressure 0 0 0 0 436 516 522 473 537 501 449 545
train00144.jpg 1 plasticbottle 0 0 0 0 878 371 963 229 1012 257 926 400
