train01151.jpg 1 metalbottle 127 379 276 552 117 398 160 367 280 532 237 563
train01151.jpg 1 knife 126 341 158 434 137 341 158 345 143 434 121 430
train01151.jpg 1 lighter 214 218 257 334 220 218 248 217 254 341 226 342
train01151.jpg 1 knife 846 427 897 538 872 422 899 431 862 545 835 536
train01151.jpg 1 metalbottle 862 434 1029 549 883 416 1039 522 1008 568 852 462
train01151.jpg 1 lighter 859 350 897 465 868 350 903 352 895 465 860 462
train01151.jpg 1 electronicequipment 869 91 940 345 880 93 931 97 914 345 862 342
train01151.jpg 1 pressure 0 0 0 0 899 515 917 441 955 450 936 525
train01151.jpg 1 electronicequipment 0 0 0 0 795 142 841 57 879 77 831 162
train01151.jpg 1 lighter 0 0 0 0 40 156 54 114 81 123 65 166
