train01205.jpg 1 lighter 264 566 385 596 265 559 386 572 383 602 262 589
train01205.jpg 1 glassbottle 491 412 592 505 477 449 564 395 610 468 523 522
train01205.jpg 1 battery 123 451 272 619 106 463 178 418 290 597 218 642
train01205.jpg 1 OCbottle 267 545 528 621 264 554 525 535 530 611 269 630
train01205.jpg 1 electronicequipment 171 216 530 605 263 197 537 275 440 612 167 533
train01205.jpg 1 knife 127 230 551 347 118 301 542 211 555 273 131 363
train01205.jpg 1 knife 270 289 493 450 236 396 452 261 507 349 291 483
train01205.jpg 1 battery 514 422 581 466 514 439 573 422 581 449 521 466
train01205.jpg 1 battery 277 611 350 641 278 611 350 616 348 641 277 636
train01205.jpg 1 lighter 255 590 377 628 256 590 377 594 376 628 255 624
train01205.jpg 1 pressure 0 0 0 0 654 444 690 372 725 389 689 462
train01205.jpg 1 metalbottle 0 0 0 0 294 210 435 138 455 174 312 248
train01205.jpg 1 battery 0 0 0 0 787 417 835 413 837 431 788 436
