train00265.jpg 1 glassbottle 134 265 280 456 103 275 167 235 287 426 222 466
train00265.jpg 1 battery 375 370 478 478 384 370 481 377 473 482 376 475
train00265.jpg 1 knife 199 208 626 454 232 190 629 439 594 496 196 247
train00265.jpg 1 lighter 665 287 775 326 669 283 773 309 766 338 662 312
train00265.jpg 1 lighter 678 312 793 350 678 312 793 312 793 350 678 350
train00265.jpg 1 metalbottle 275 280 481 396 274 318 465 278 484 367 293 407
train00265.jpg 1 umbrella 1068 458 1196 555 1065 480 1202 456 1215 531 1078 556
train00265.jpg 1 OCbottle 594 279 745 370 594 280 744 280 744 370 594 370
train00265.jpg 1 OCbottle 170 196 321 394 154 225 211 186 338 374 281 413
train00265.jpg 1 electronicequipment 267 355 485 461 265 358 483 351 486 457 268 464
train00265.jpg 1 OCbottle 479 270 623 427 741 156 858 218 818 294 701 232
train00265.jpg 1 OCbottle 472 261 623 439 472 302 544 261 623 398 551 439
train00265.jpg 1 pressure 710 315 852 547 710 337 799 315 852 525 762 547
train00265.jpg 1 metalbottle 104 319 234 462 104 355 150 319 234 426 188 462
train00265.jpg 1 battery 731 291 787 354 769 291 787 305 749 354 731 340
train00265.jpg 1 battery 837 204 876 276 855 204 876 210 857 276 837 270
train00265.jpg 1 pressure 0 0 0 0 137 205 199 118 227 138 164 226
train00265.jpg 1 metalbottle 0 0 0 0 9 334 25 300 165 368 148 404
train00265.jpg 1 battery 0 0 0 0 710 570 729 570 729 618 710 618
