train00992.jpg 1 metalbottle 167 190 335 334 164 239 306 185 344 285 203 339
train00992.jpg 1 lighter 151 334 189 447 153 336 180 332 196 432 169 436
train00992.jpg 1 knife 142 228 360 469 277 189 319 203 222 502 180 489
train00992.jpg 1 knife 142 223 410 487 153 488 377 202 401 221 178 507
train00992.jpg 1 lighter 116 462 215 516 114 492 213 458 223 488 124 522
train00992.jpg 1 OCbottle 89 242 223 516 100 248 188 234 229 497 142 511
train00992.jpg 1 electronicequipment 930 332 990 511 929 333 988 330 997 510 938 513
train00992.jpg 1 battery 969 223 1042 356 962 229 1039 230 1037 354 960 353
train00992.jpg 1 pressure 0 0 0 0 344 409 351 371 430 386 422 425
train00992.jpg 1 glassbottle 0 0 0 0 821 560 856 535 905 601 869 627
train00992.jpg 1 lighter 0 0 0 0 290 512 337 491 340 496 292 518
