train01111.jpg 1 knife 268 349 623 547 299 323 645 477 611 555 264 400
train01111.jpg 1 pressure 518 325 685 520 504 352 563 309 697 492 637 536
train01111.jpg 1 electronicequipment 101 91 317 289 79 198 247 67 329 171 161 302
train01111.jpg 1 electronicequipment 175 41 634 410 371 2 648 252 460 461 182 211
train01111.jpg 1 lighter 331 210 436 306 420 199 450 237 356 311 326 272
train01111.jpg 1 electronicequipment 103 71 267 229 92 100 257 76 277 216 111 240
train01111.jpg 1 lighter 97 104 192 196 163 89 206 128 129 214 86 175
train01111.jpg 1 glassbottle 325 102 415 180 328 101 416 110 408 184 321 175
train01111.jpg 1 battery 967 132 1007 216 967 136 995 132 1007 212 978 216
train01111.jpg 1 battery 1025 89 1086 132 1025 112 1077 89 1086 108 1033 132
train01111.jpg 1 battery 102 203 183 274 119 203 183 253 166 274 102 224
train01111.jpg 1 battery 320 14 388 40 321 14 388 16 387 40 320 38
train01111.jpg 1 umbrella 0 0 0 0 864 552 901 548 916 666 878 670
train01111.jpg 1 battery 0 0 0 0 948 528 996 524 998 545 949 550
train01111.jpg 1 battery 0 0 0 0 345 257 408 194 426 211 362 274
