train01037.jpg 1 electronicequipment 337 219 598 386 331 300 568 214 602 309 366 395
train01037.jpg 1 knife 216 429 471 537 218 418 477 513 462 554 203 460
train01037.jpg 1 lighter 480 235 601 282 485 228 592 251 584 287 477 264
train01037.jpg 1 lighter 508 223 620 274 513 219 624 251 616 277 506 245
train01037.jpg 1 electronicequipment 242 332 352 410 239 393 316 307 360 346 283 432
train01037.jpg 1 metalbottle 1043 436 1193 544 1065 422 1217 466 1194 546 1042 502
train01037.jpg 1 lighter 1080 513 1194 580 1090 500 1205 542 1191 583 1075 541
train01037.jpg 1 lighter 1114 501 1210 566 1127 501 1210 531 1197 566 1114 536
train01037.jpg 1 OCbottle 271 345 521 481 271 378 506 345 521 448 286 481
train01037.jpg 1 umbrella 0 0 0 0 111 163 191 54 220 75 138 184
train01037.jpg 1 umbrella 0 0 0 0 399 340 429 221 485 234 454 355
train01037.jpg 1 electronicequipment 0 0 0 0 124 402 148 377 313 533 288 559
