train00026.jpg 1 lighter 46 330 84 447 55 332 84 335 74 443 45 440
train00026.jpg 1 glassbottle 51 427 147 505 55 427 144 431 140 512 51 507
train00026.jpg 1 electronicequipment 303 367 517 460 305 357 519 368 514 461 300 450
train00026.jpg 1 lighter 223 272 263 392 224 288 256 288 255 389 222 389
train00026.jpg 1 knife 77 177 164 452 82 180 163 181 159 449 77 448
train00026.jpg 1 knife 73 227 390 396 81 224 391 229 388 398 78 392
train00026.jpg 1 electronicequipment 52 153 236 369 150 148 242 203 141 371 49 316
train00026.jpg 1 knife 1059 365 1195 560 1060 372 1191 365 1201 554 1070 561
train00026.jpg 1 electronicequipment 1007 387 1197 463 1012 393 1198 393 1198 464 1012 464
train00026.jpg 1 lighter 1096 562 1196 658 1113 559 1184 623 1164 645 1093 582
train00026.jpg 1 electronicequipment 1105 505 1246 640 1105 575 1156 505 1246 570 1195 640
train00026.jpg 1 umbrella 0 0 0 0 582 546 698 516 709 557 592 588
train00026.jpg 1 battery 0 0 0 0 958 515 998 480 1012 495 970 530
train00026.jpg 1 electronicequipment 0 0 0 0 561 134 659 128 660 139 562 146
