train00849.jpg 1 electronicequipment 101 85 495 344 112 88 500 128 479 329 91 288
train00849.jpg 1 knife 145 115 419 293 152 252 399 92 437 151 190 311
train00849.jpg 1 OCbottle 138 220 231 330 159 238 229 253 210 345 139 330
train00849.jpg 1 pressure 180 44 334 233 288 29 352 82 223 235 160 182
train00849.jpg 1 knife 471 83 669 334 651 55 674 76 501 261 479 240
train00849.jpg 1 lighter 466 160 563 221 468 192 553 145 570 176 485 223
train00849.jpg 1 lighter 529 145 634 190 531 146 633 156 629 195 527 185
train00849.jpg 1 pressure 488 83 739 396 685 76 751 125 537 409 471 359
train00849.jpg 1 lighter 950 274 1036 313 963 273 1036 277 1034 315 961 311
train00849.jpg 1 OCbottle 0 0 0 0 740 581 808 434 857 456 788 604
train00849.jpg 1 electronicequipment 0 0 0 0 454 380 465 195 595 203 584 389
train00849.jpg 1 lighter 0 0 0 0 562 620 604 595 612 608 569 634
