train01104.jpg 1 umbrella 353 302 588 572 511 271 595 326 423 592 338 537
train01104.jpg 1 knife 235 374 688 582 234 469 680 358 706 465 261 576
train01104.jpg 1 battery 199 200 402 331 195 268 372 186 405 258 229 340
train01104.jpg 1 electronicequipment 129 164 583 471 130 292 454 141 549 344 225 496
train01104.jpg 1 electronicequipment 218 470 379 606 227 498 312 453 377 577 293 622
train01104.jpg 1 knife 207 496 445 608 210 477 457 587 442 619 196 510
train01104.jpg 1 OCbottle 295 263 466 440 398 237 478 306 344 461 264 391
train01104.jpg 1 OCbottle 146 300 302 474 124 366 212 297 320 435 232 504
train01104.jpg 1 knife 1047 341 1128 468 1093 337 1135 356 1080 481 1037 462
train01104.jpg 1 lighter 213 428 281 511 211 445 238 424 295 497 268 517
train01104.jpg 1 lighter 1076 157 1177 219 1079 151 1177 198 1160 232 1063 184
train01104.jpg 1 battery 1065 92 1150 144 1065 115 1074 92 1150 121 1141 144
train01104.jpg 1 umbrella 0 0 0 0 192 459 228 440 290 551 253 572
train01104.jpg 1 pressure 0 0 0 0 496 534 522 498 591 548 564 584
train01104.jpg 1 lighter 0 0 0 0 319 590 330 586 348 631 337 636
