train01353.jpg 1 pressure 264 299 344 556 270 291 350 296 337 552 257 548
train01353.jpg 1 electronicequipment 60 240 156 378 38 280 109 234 178 340 107 386
train01353.jpg 1 OCbottle 160 383 314 531 215 360 331 465 255 549 139 444
train01353.jpg 1 OCbottle 95 378 200 567 86 408 185 393 212 559 113 575
train01353.jpg 1 OCbottle 52 374 157 540 36 376 111 372 119 540 45 544
train01353.jpg 1 lighter 44 321 75 418 43 315 74 316 69 413 38 411
train01353.jpg 1 lighter 30 392 54 487 29 386 58 387 53 492 23 491
train01353.jpg 1 lighter 842 125 895 241 838 127 888 122 901 244 851 249
train01353.jpg 1 battery 861 324 935 485 872 328 942 339 921 472 851 461
train01353.jpg 1 electronicequipment 765 241 852 462 776 249 878 260 854 484 753 473
train01353.jpg 1 electronicequipment 783 250 883 478 779 222 873 222 873 481 779 481
train01353.jpg 1 battery 36 428 61 492 36 428 61 428 61 492 36 492
train01353.jpg 1 battery 35 487 84 511 35 490 83 487 84 508 36 511
train01353.jpg 1 battery 35 342 95 486 49 342 95 347 81 486 35 481
train01353.jpg 1 battery 895 304 929 373 895 307 922 304 929 370 902 373
train01353.jpg 1 OCbottle 116 196 293 409 116 243 209 196 293 361 200 409
train01353.jpg 1 glassbottle 0 0 0 0 195 363 223 331 284 384 254 417
train01353.jpg 1 plasticbottle 0 0 0 0 221 338 236 191 276 194 260 342
train01353.jpg 1 battery 0 0 0 0 824 222 911 201 923 252 836 274
