train01080.jpg 1 glassbottle 98 180 316 396 83 233 141 168 342 349 284 414
train01080.jpg 1 knife 194 291 269 582 175 294 236 285 277 583 217 592
train01080.jpg 1 battery 106 376 267 595 96 430 177 384 275 553 194 600
train01080.jpg 1 lighter 287 394 382 507 279 410 305 390 381 494 354 514
train01080.jpg 1 knife 130 469 204 582 123 477 144 464 211 571 190 584
train01080.jpg 1 lighter 157 458 210 569 155 458 208 457 211 568 158 569
train01080.jpg 1 OCbottle 171 346 375 585 171 393 236 346 375 538 311 585
train01080.jpg 1 battery 97 294 175 356 97 335 162 294 175 315 110 356
train01080.jpg 1 umbrella 0 0 0 0 540 32 653 19 667 134 553 148
train01080.jpg 1 pressure 0 0 0 0 452 56 483 17 551 71 519 111
train01080.jpg 1 electronicequipment 0 0 0 0 733 325 791 224 837 249 778 352
