train01445.jpg 1 battery 79 229 151 391 110 224 177 250 119 401 52 376
train01445.jpg 1 battery 112 217 249 431 157 219 255 251 193 443 94 411
train01445.jpg 1 knife 117 598 427 694 125 583 440 667 424 726 109 641
train01445.jpg 1 lighter 75 394 105 489 68 378 99 374 111 487 80 490
train01445.jpg 1 lighter 87 487 125 587 79 490 116 484 132 583 95 589
train01445.jpg 1 lighter 89 485 113 604 85 485 121 483 126 590 91 592
train01445.jpg 1 electronicequipment 132 361 271 544 112 373 255 351 284 535 142 557
train01445.jpg 1 electronicequipment 140 553 255 693 121 549 243 536 260 696 138 709
train01445.jpg 1 pressure 273 361 371 622 256 372 343 354 396 605 310 623
train01445.jpg 1 battery 215 359 290 462 215 366 280 359 290 455 225 462
train01445.jpg 1 battery 77 367 134 444 77 379 109 367 134 432 102 444
train01445.jpg 1 umbrella 0 0 0 0 683 191 683 191 682 191 682 191
train01445.jpg 1 pressure 0 0 0 0 524 178 544 146 609 185 588 219
train01445.jpg 1 glassbottle 0 0 0 0 275 544 315 538 328 612 287 619
