train00723.jpg 1 electronicequipment 219 85 628 328 227 87 630 116 616 321 212 292
train00723.jpg 1 knife 197 329 478 394 199 328 471 357 466 405 194 376
train00723.jpg 1 metalbottle 1052 100 1177 300 1042 140 1113 99 1207 263 1136 304
train00723.jpg 1 lighter 993 155 1081 251 994 171 1023 152 1081 238 1052 257
train00723.jpg 1 electronicequipment 1066 255 1180 480 1052 304 1147 260 1234 447 1139 492
train00723.jpg 1 lighter 1122 377 1178 485 1121 401 1147 391 1180 478 1154 488
train00723.jpg 1 battery 370 297 440 375 383 297 440 308 427 375 370 364
train00723.jpg 1 pressure 0 0 0 0 212 423 267 359 299 385 243 451
train00723.jpg 1 OCbottle 0 0 0 0 321 248 358 236 408 381 370 394
train00723.jpg 1 electronicequipment 0 0 0 0 133 154 200 79 314 181 245 257
