train00910.jpg 1 knife 267 139 581 694 250 169 319 135 591 694 522 727
train00910.jpg 1 electronicequipment 64 376 260 583 63 528 169 372 258 432 152 589
train00910.jpg 1 lighter 287 595 415 660 293 595 415 627 405 664 283 632
train00910.jpg 1 OCbottle 256 549 508 676 244 611 469 520 508 616 283 707
train00910.jpg 1 knife 321 366 451 592 315 375 351 357 459 577 422 595
train00910.jpg 1 OCbottle 135 462 445 580 131 483 426 462 433 559 138 580
train00910.jpg 1 umbrella 1016 248 1150 384 1039 239 1183 283 1150 390 1006 347
train00910.jpg 1 umbrella 188 419 516 605 210 418 529 527 500 613 181 503
train00910.jpg 1 OCbottle 237 524 460 670 264 524 460 588 433 670 237 607
train00910.jpg 1 battery 0 0 0 0 556 455 583 411 600 420 572 465
train00910.jpg 1 battery 0 0 0 0 372 214 372 214 372 214 372 214
train00910.jpg 1 electronicequipment 0 0 0 0 371 496 448 496 448 673 371 673
