train00181.jpg 1 electronicequipment 167 120 274 286 164 121 271 118 276 284 169 287
train00181.jpg 1 electronicequipment 113 328 331 546 102 402 182 319 341 472 261 555
train00181.jpg 1 battery 220 301 348 412 275 280 362 359 298 431 211 352
train00181.jpg 1 lighter 218 415 304 501 214 437 252 408 321 497 283 526
train00181.jpg 1 knife 193 330 283 453 186 347 232 323 295 441 249 465
train00181.jpg 1 battery 129 241 200 374 155 241 200 251 174 374 129 364
train00181.jpg 1 battery 150 169 188 233 166 169 188 175 172 233 150 227
train00181.jpg 1 glassbottle 0 0 0 0 168 398 233 363 254 400 189 436
train00181.jpg 1 battery 0 0 0 0 398 84 434 17 466 33 429 101
train00181.jpg 1 electronicequipment 0 0 0 0 452 276 456 244 558 260 553 293
