train00452.jpg 1 knife 373 491 766 631 393 442 774 524 750 635 369 554
train00452.jpg 1 OCbottle 361 602 640 693 359 606 638 597 641 688 362 697
train00452.jpg 1 electronicequipment 777 612 992 665 778 639 994 601 999 625 782 664
train00452.jpg 1 lighter 693 624 819 675 692 657 820 621 829 653 702 690
train00452.jpg 1 electronicequipment 597 283 905 602 640 250 939 324 861 634 562 560
train00452.jpg 1 knife 704 517 964 601 711 499 968 535 956 618 699 582
train00452.jpg 1 electronicequipment 509 470 713 602 499 524 675 459 708 549 532 613
train00452.jpg 1 metalbottle 891 377 1042 615 916 372 1043 389 1012 614 884 596
train00452.jpg 1 lighter 833 553 944 634 849 553 944 604 927 634 833 584
train00452.jpg 1 umbrella 0 0 0 0 621 184 664 183 670 301 626 303
train00452.jpg 1 glassbottle 0 0 0 0 1087 564 1171 543 1184 591 1099 613
train00452.jpg 1 metalbottle 0 0 0 0 727 156 764 153 779 301 740 305
