train00655.jpg 1 OCbottle 225 213 352 394 272 209 361 235 308 420 219 394
train00655.jpg 1 battery 72 327 195 522 107 332 187 345 159 522 79 509
train00655.jpg 1 glassbottle 121 288 261 523 164 289 265 316 207 531 106 504
train00655.jpg 1 glassbottle 177 190 233 286 208 189 233 198 199 286 174 277
train00655.jpg 1 electronicequipment 120 74 226 298 161 72 224 83 186 295 123 284
train00655.jpg 1 knife 154 93 348 427 307 83 367 111 216 433 156 405
train00655.jpg 1 electronicequipment 796 207 902 355 902 213 944 254 838 364 796 323
train00655.jpg 1 electronicequipment 781 228 902 392 875 222 920 248 830 403 785 377
train00655.jpg 1 glassbottle 0 0 0 0 34 427 64 399 116 454 84 483
train00655.jpg 1 plasticbottle 0 0 0 0 458 244 499 223 574 367 532 388
train00655.jpg 1 metalbottle 0 0 0 0 308 133 447 68 464 103 324 169
