train00043.jpg 1 metalbottle 852 251 971 528 966 237 1064 283 940 550 841 504
train00043.jpg 1 electronicequipment 212 303 321 463 260 296 331 322 277 471 206 446
train00043.jpg 1 pressure 277 218 394 449 259 234 349 210 408 432 319 456
train00043.jpg 1 lighter 260 145 327 263 250 156 294 140 332 245 288 261
train00043.jpg 1 electronicequipment 113 184 248 401 109 199 225 188 242 385 126 395
train00043.jpg 1 knife 146 245 178 466 146 245 178 245 178 466 146 466
train00043.jpg 1 battery 224 186 257 257 224 188 250 186 257 255 231 257
train00043.jpg 1 glassbottle 0 0 0 0 596 194 624 155 699 209 671 249
train00043.jpg 1 battery 0 0 0 0 512 184 512 184 512 184 512 184
train00043.jpg 1 electronicequipment 0 0 0 0 714 489 814 460 828 508 727 538
