train01437.jpg 1 electronicequipment 118 274 590 640 583 482 232 638 128 404 479 248
train01437.jpg 1 battery 139 389 247 576 147 399 229 391 248 564 166 573
train01437.jpg 1 knife 347 403 385 633 379 628 344 627 348 402 383 403
train01437.jpg 1 OCbottle 251 636 434 689 244 649 422 636 425 689 247 701
train01437.jpg 1 lighter 125 463 186 557 132 496 154 485 196 561 175 573
train01437.jpg 1 OCbottle 433 207 610 335 441 300 588 198 615 237 469 339
train01437.jpg 1 battery 205 610 266 686 205 622 224 610 266 674 247 686
train01437.jpg 1 pressure 0 0 0 0 345 199 377 198 381 296 348 298
train01437.jpg 1 glassbottle 0 0 0 0 724 408 742 335 780 344 762 418
train01437.jpg 1 electronicequipment 0 0 0 0 1080 64 1182 40 1190 71 1087 96
