train00012.jpg 1 pressure 207 378 383 651 289 360 391 393 314 629 212 596
train00012.jpg 1 knife 197 283 507 538 168 505 491 271 532 328 209 562
train00012.jpg 1 battery 210 199 352 407 252 186 357 214 303 416 198 388
train00012.jpg 1 OCbottle 123 233 269 487 163 227 279 258 213 505 97 474
train00012.jpg 1 knife 862 299 971 454 987 270 1024 307 869 462 832 425
train00012.jpg 1 electronicequipment 315 262 458 414 303 285 407 245 468 403 364 443
train00012.jpg 1 lighter 201 326 302 370 203 321 310 332 306 372 199 361
train00012.jpg 1 metalbottle 0 0 0 0 476 397 489 362 632 417 618 454
train00012.jpg 1 electronicequipment 0 0 0 0 845 617 881 524 904 533 867 626
train00012.jpg 1 electronicequipment 0 0 0 0 57 326 134 244 240 342 162 426
