train00057.jpg 1 knife 446 326 481 499 456 323 484 324 477 498 450 497
train00057.jpg 1 knife 404 291 443 506 411 289 450 292 435 507 396 504
train00057.jpg 1 knife 360 298 403 505 375 295 413 300 392 506 353 502
train00057.jpg 1 knife 325 325 370 512 350 322 380 329 341 512 311 506
train00057.jpg 1 knife 295 309 350 488 331 310 356 317 310 487 285 481
train00057.jpg 1 knife 231 289 273 538 232 291 264 289 281 536 250 538
train00057.jpg 1 knife 198 330 236 513 189 336 215 330 256 507 230 513
train00057.jpg 1 knife 151 280 186 529 144 281 179 279 192 527 157 529
train00057.jpg 1 knife 106 329 142 517 112 327 148 330 135 518 99 515
train00057.jpg 1 battery 0 0 0 0 9 341 53 311 69 333 24 364
train00057.jpg 1 battery 0 0 0 0 91 52 91 52 91 52 91 52
train00057.jpg 1 lighter 0 0 0 0 223 515 224 501 273 506 271 521
