train00719.jpg 1 knife 203 208 398 256 202 221 395 207 398 243 204 257
train00719.jpg 1 knife 1037 339 1130 501 1035 342 1105 322 1153 488 1082 508
train00719.jpg 1 lighter 1118 525 1198 622 1118 536 1144 515 1223 609 1198 631
train00719.jpg 1 lighter 1111 481 1196 589 1107 510 1164 463 1234 547 1178 594
train00719.jpg 1 battery 780 264 884 394 764 288 808 258 893 384 849 414
train00719.jpg 1 OCbottle 712 378 871 484 696 420 849 359 882 442 729 504
train00719.jpg 1 OCbottle 677 287 880 426 692 249 881 340 835 434 647 342
train00719.jpg 1 OCbottle 1065 312 1193 555 1035 347 1123 296 1254 522 1165 573
train00719.jpg 1 battery 633 266 721 329 633 303 708 266 721 292 645 329
train00719.jpg 1 umbrella 201 180 429 476 201 233 311 180 429 423 320 476
train00719.jpg 1 metalbottle 361 222 718 509 432 222 718 374 647 509 361 357
train00719.jpg 1 battery 834 271 866 317 834 278 853 271 866 310 847 317
train00719.jpg 1 electronicequipment 1074 422 1241 587 1074 478 1128 422 1241 531 1187 587
train00719.jpg 1 OCbottle 547 199 657 333 583 199 657 223 621 333 547 309
train00719.jpg 1 umbrella 0 0 0 0 937 397 939 351 1058 358 1055 405
train00719.jpg 1 glassbottle 0 0 0 0 857 244 866 170 909 174 898 250
train00719.jpg 1 plasticbottle 0 0 0 0 125 148 242 9 295 52 177 193
