train01318.jpg 1 pressure 469 281 748 365 474 278 751 307 745 370 467 341
train01318.jpg 1 knife 428 356 674 443 426 364 670 338 679 419 434 444
train01318.jpg 1 electronicequipment 225 162 340 330 271 150 364 188 302 340 209 302
train01318.jpg 1 electronicequipment 116 169 181 333 118 167 183 170 178 334 113 331
train01318.jpg 1 OCbottle 286 51 402 175 371 38 424 101 315 192 262 129
train01318.jpg 1 electronicequipment 149 208 246 404 162 208 246 213 233 404 149 398
train01318.jpg 1 electronicequipment 96 184 190 399 133 184 190 194 154 399 96 389
train01318.jpg 1 electronicequipment 146 150 226 355 153 150 226 153 219 355 146 352
train01318.jpg 1 lighter 202 232 243 341 206 232 243 234 239 341 202 340
train01318.jpg 1 umbrella 0 0 0 0 143 256 261 224 275 271 156 304
train01318.jpg 1 electronicequipment 0 0 0 0 843 67 877 32 949 102 914 137
train01318.jpg 1 lighter 0 0 0 0 940 530 946 527 975 575 969 579
