train00680.jpg 1 electronicequipment 91 180 518 438 80 199 505 161 528 418 103 456
train00680.jpg 1 pressure 142 396 295 489 139 450 269 374 299 426 168 501
train00680.jpg 1 lighter 1031 322 1093 434 1024 328 1054 317 1091 417 1061 428
train00680.jpg 1 metalbottle 189 222 338 392 270 211 347 255 258 409 181 364
train00680.jpg 1 pressure 238 275 399 476 335 256 409 298 302 483 228 441
train00680.jpg 1 knife 1014 239 1210 445 994 267 1029 232 1243 445 1208 480
train00680.jpg 1 lighter 103 297 154 402 102 301 144 293 162 393 120 400
train00680.jpg 1 electronicequipment 90 246 228 429 83 262 201 231 248 406 130 437
train00680.jpg 1 umbrella 0 0 0 0 793 119 809 90 920 154 903 183
train00680.jpg 1 pressure 0 0 0 0 479 114 570 69 584 97 493 143
train00680.jpg 1 glassbottle 0 0 0 0 59 164 105 164 105 242 59 242
