train00161.jpg 1 electronicequipment 206 277 699 542 203 348 642 247 691 456 251 557
train00161.jpg 1 electronicequipment 992 523 1108 683 999 522 1086 513 1103 678 1016 687
train00161.jpg 1 glassbottle 1023 344 1124 648 1043 350 1123 352 1112 651 1032 648
train00161.jpg 1 umbrella 125 105 475 291 125 222 450 104 473 168 148 287
train00161.jpg 1 metalbottle 200 263 565 413 193 339 541 253 567 353 218 440
train00161.jpg 1 knife 305 449 540 512 304 486 518 456 521 480 308 510
train00161.jpg 1 umbrella 974 314 1186 522 1130 297 1194 350 1033 542 969 488
train00161.jpg 1 OCbottle 1128 296 1215 627 1187 285 1264 304 1183 626 1107 607
train00161.jpg 1 plasticbottle 0 0 0 0 580 364 592 319 740 360 727 406
train00161.jpg 1 metalbottle 0 0 0 0 462 194 491 157 628 265 598 303
train00161.jpg 1 battery 0 0 0 0 308 134 325 129 342 175 324 181
