train00782.jpg 1 electronicequipment 222 171 337 347 242 187 339 204 315 338 218 321
train00782.jpg 1 knife 176 290 354 361 173 315 348 287 356 336 181 364
train00782.jpg 1 knife 121 385 363 468 119 390 352 382 354 460 122 468
train00782.jpg 1 OCbottle 60 248 300 485 243 235 310 295 134 490 67 430
train00782.jpg 1 battery 80 225 228 349 90 325 211 216 239 246 118 355
train00782.jpg 1 lighter 90 315 184 382 90 359 184 311 196 335 102 383
train00782.jpg 1 battery 762 182 829 262 804 182 829 199 787 262 762 244
train00782.jpg 1 metalbottle 727 392 819 476 727 456 744 392 819 412 802 476
train00782.jpg 1 battery 215 185 252 258 215 189 241 185 252 254 226 258
train00782.jpg 1 umbrella 0 0 0 0 46 454 60 426 173 480 158 510
train00782.jpg 1 pressure 0 0 0 0 245 433 254 401 350 431 340 463
train00782.jpg 1 metalbottle 0 0 0 0 443 39 484 2 605 134 563 173
