train01004.jpg 1 electronicequipment 76 385 281 538 107 386 282 483 245 550 70 453
train01004.jpg 1 lighter 216 476 297 544 201 495 220 466 309 524 290 553
train01004.jpg 1 knife 288 467 455 620 281 500 325 456 455 586 411 630
train01004.jpg 1 lighter 392 587 495 657 389 573 498 631 483 660 373 602
train01004.jpg 1 glassbottle 359 451 584 618 365 416 584 548 540 621 321 490
train01004.jpg 1 glassbottle 265 347 583 483 266 344 584 349 581 485 263 480
train01004.jpg 1 OCbottle 198 289 346 394 212 291 354 332 332 409 190 368
train01004.jpg 1 lighter 960 166 1072 227 962 195 1074 169 1080 197 968 223
train01004.jpg 1 lighter 984 142 1058 237 1029 136 1059 149 1020 235 991 222
train01004.jpg 1 lighter 998 180 1070 268 1041 169 1072 186 1027 268 996 251
train01004.jpg 1 metalbottle 948 187 1126 326 935 239 1102 182 1136 281 969 338
train01004.jpg 1 electronicequipment 1060 125 1186 246 1066 147 1187 125 1206 229 1084 250
train01004.jpg 1 OCbottle 390 248 607 367 388 267 597 256 603 357 393 368
train01004.jpg 1 OCbottle 122 343 338 531 171 334 350 455 294 538 115 417
train01004.jpg 1 battery 197 483 270 545 211 483 270 525 256 545 197 502
train01004.jpg 1 battery 0 0 0 0 245 269 287 235 301 252 258 287
train01004.jpg 1 electronicequipment 0 0 0 0 125 420 223 420 223 447 125 447
train01004.jpg 1 lighter 0 0 0 0 329 464 357 420 367 425 338 470
