train00827.jpg 1 knife 149 398 488 470 148 445 484 392 488 417 152 470
train00827.jpg 1 knife 205 343 425 398 206 390 425 339 430 363 212 414
train00827.jpg 1 knife 198 317 402 383 191 371 402 314 409 339 197 395
train00827.jpg 1 knife 135 283 361 333 132 309 365 255 374 292 141 346
train00827.jpg 1 knife 140 218 366 267 138 238 364 211 368 242 142 270
train00827.jpg 1 knife 135 175 358 240 134 214 354 168 360 197 140 244
train00827.jpg 1 electronicequipment 11 193 339 502 18 205 272 147 350 487 96 545
train00827.jpg 1 umbrella 0 0 0 0 217 79 222 48 341 70 335 101
train00827.jpg 1 battery 0 0 0 0 385 192 432 175 439 194 391 212
train00827.jpg 1 battery 0 0 0 0 41 204 41 204 41 204 41 204
