train00868.jpg 1 electronicequipment 218 181 388 357 269 158 391 198 334 375 211 335
train00868.jpg 1 umbrella 108 200 297 510 248 175 332 218 175 526 91 483
train00868.jpg 1 pressure 46 151 280 424 247 144 307 192 111 433 52 385
train00868.jpg 1 glassbottle 67 219 276 449 256 204 311 259 108 462 53 407
train00868.jpg 1 knife 586 106 692 365 579 119 628 106 703 385 654 398
train00868.jpg 1 lighter 573 175 611 293 586 173 618 176 606 295 573 292
train00868.jpg 1 knife 573 333 730 459 599 326 759 360 737 459 578 425
train00868.jpg 1 knife 591 389 667 539 599 385 674 393 658 542 583 534
train00868.jpg 1 knife 603 440 720 523 589 530 711 432 734 461 612 560
train00868.jpg 1 OCbottle 282 74 426 333 261 87 363 54 447 313 345 346
train00868.jpg 1 knife 107 167 200 301 179 160 207 178 119 313 91 295
train00868.jpg 1 plasticbottle 0 0 0 0 498 314 509 277 656 325 643 363
train00868.jpg 1 battery 0 0 0 0 459 396 464 379 511 391 506 409
train00868.jpg 1 lighter 0 0 0 0 495 56 497 49 547 68 544 76
