train00127.jpg 1 lighter 137 190 217 291 140 206 167 188 220 273 193 290
train00127.jpg 1 lighter 122 230 189 323 119 252 141 236 189 305 167 320
train00127.jpg 1 battery 123 264 310 442 190 266 304 402 248 449 134 313
train00127.jpg 1 electronicequipment 162 200 332 381 163 263 255 203 341 335 248 395
train00127.jpg 1 umbrella 208 141 456 394 208 194 277 132 469 346 401 407
train00127.jpg 1 knife 322 120 438 200 332 164 423 136 434 173 344 201
train00127.jpg 1 pressure 442 57 588 487 494 59 596 72 545 489 443 476
train00127.jpg 1 lighter 212 308 279 392 203 334 228 314 278 376 254 396
train00127.jpg 1 electronicequipment 986 166 1143 370 981 210 1070 165 1151 324 1062 369
train00127.jpg 1 knife 1025 179 1148 249 1036 179 1150 223 1136 259 1022 215
train00127.jpg 1 lighter 1103 200 1158 299 1116 220 1135 205 1187 273 1167 288
train00127.jpg 1 metalbottle 319 342 448 534 298 357 406 320 471 511 363 548
train00127.jpg 1 OCbottle 117 191 432 436 166 191 432 357 383 436 117 270
train00127.jpg 1 battery 127 272 168 337 127 279 144 272 168 330 152 337
train00127.jpg 1 glassbottle 0 0 0 0 224 585 288 524 314 550 249 612
train00127.jpg 1 OCbottle 0 0 0 0 547 218 693 167 710 213 563 266
train00127.jpg 1 battery 0 0 0 0 381 187 414 140 469 178 435 226
