train00586.jpg 1 metalbottle 252 209 564 490 231 393 454 177 590 317 366 533
train00586.jpg 1 OCbottle 287 430 615 544 289 411 616 446 605 548 279 513
train00586.jpg 1 umbrella 492 240 775 456 552 208 787 392 727 469 492 285
train00586.jpg 1 battery 545 124 719 248 577 99 733 175 688 268 532 191
train00586.jpg 1 electronicequipment 527 224 736 437 510 282 630 195 772 390 652 477
train00586.jpg 1 electronicequipment 607 207 802 400 553 276 694 180 809 351 668 446
train00586.jpg 1 metalbottle 457 140 641 325 443 187 512 125 649 277 580 340
train00586.jpg 1 pressure 478 264 720 516 471 315 532 261 728 479 667 533
train00586.jpg 1 lighter 251 234 371 304 249 278 360 224 377 258 265 313
train00586.jpg 1 lighter 969 536 1067 606 977 528 1068 593 1047 622 956 556
train00586.jpg 1 lighter 985 590 1035 681 1001 584 1036 590 1019 687 984 681
train00586.jpg 1 lighter 231 190 365 292 231 250 342 190 365 232 253 292
train00586.jpg 1 pressure 0 0 0 0 65 251 128 170 155 190 91 272
train00586.jpg 1 metalbottle 0 0 0 0 724 157 761 10 802 20 763 167
train00586.jpg 1 battery 0 0 0 0 606 607 606 607 606 607 606 607
