train01041.jpg 1 knife 90 141 417 283 116 82 422 158 387 297 81 221
train01041.jpg 1 knife 112 151 456 293 116 263 447 149 458 180 127 294
train01041.jpg 1 lighter 309 272 449 303 320 279 444 279 444 297 320 297
train01041.jpg 1 electronicequipment 173 89 411 248 169 181 332 91 391 198 229 288
train01041.jpg 1 glassbottle 104 146 198 255 113 149 193 149 193 252 113 252
train01041.jpg 1 electronicequipment 187 51 345 158 187 106 324 51 345 103 208 158
train01041.jpg 1 battery 332 51 405 96 333 51 405 52 405 96 332 95
train01041.jpg 1 lighter 157 133 230 180 166 133 230 157 221 180 157 157
train01041.jpg 1 OCbottle 254 140 334 284 259 140 334 142 329 284 254 281
train01041.jpg 1 pressure 0 0 0 0 121 31 151 24 176 120 144 128
train01041.jpg 1 glassbottle 0 0 0 0 444 530 457 471 526 486 513 546
train01041.jpg 1 electronicequipment 0 0 0 0 144 297 228 234 246 256 161 320
