train01117.jpg 1 electronicequipment 52 169 621 562 77 345 505 145 629 410 201 610
train01117.jpg 1 knife 129 427 430 551 129 433 430 433 430 551 129 551
train01117.jpg 1 pressure 149 329 511 477 149 419 497 325 517 399 169 493
train01117.jpg 1 knife 1005 245 1146 659 964 265 1047 235 1191 629 1108 659
train01117.jpg 1 pressure 914 343 1010 661 918 367 1011 367 1011 661 918 661
train01117.jpg 1 umbrella 989 358 1145 660 1142 356 1218 400 1063 668 987 624
train01117.jpg 1 electronicequipment 75 428 146 575 75 436 96 428 146 567 125 575
train01117.jpg 1 metalbottle 0 0 0 0 592 541 739 496 753 543 606 588
train01117.jpg 1 battery 0 0 0 0 1059 202 1073 188 1111 226 1097 240
train01117.jpg 1 electronicequipment 0 0 0 0 924 529 958 490 1028 553 993 592
