train00733.jpg 1 electronicequipment 268 225 449 386 318 215 459 300 396 405 255 320
train00733.jpg 1 umbrella 275 93 477 413 427 85 506 123 362 419 283 380
train00733.jpg 1 knife 111 172 533 318 105 272 528 175 541 228 117 326
train00733.jpg 1 pressure 237 375 364 427 245 373 365 408 358 431 238 397
train00733.jpg 1 lighter 927 341 968 455 936 340 962 341 956 456 930 454
train00733.jpg 1 knife 98 183 182 329 150 181 182 189 147 327 116 319
train00733.jpg 1 knife 978 250 1070 297 976 269 1089 256 1094 291 980 305
train00733.jpg 1 battery 236 304 307 342 241 304 307 327 302 342 236 318
train00733.jpg 1 umbrella 0 0 0 0 810 430 929 381 952 434 831 483
train00733.jpg 1 glassbottle 0 0 0 0 631 103 655 71 715 115 691 148
train00733.jpg 1 electronicequipment 0 0 0 0 702 92 820 39 879 169 760 223
