train01092.jpg 1 glassbottle 473 60 750 237 455 132 718 31 765 154 502 255
train01092.jpg 1 knife 337 208 766 354 350 207 770 319 749 396 329 283
train01092.jpg 1 metalbottle 407 310 614 425 406 343 605 304 621 389 422 428
train01092.jpg 1 umbrella 437 292 546 562 464 288 536 296 503 567 431 558
train01092.jpg 1 OCbottle 446 156 741 285 441 204 731 132 754 223 464 296
train01092.jpg 1 OCbottle 473 198 781 320 462 248 768 160 795 255 489 342
train01092.jpg 1 metalbottle 290 -26 832 364 290 132 752 -26 832 205 370 364
train01092.jpg 1 pressure 0 0 0 0 873 44 951 44 951 83 873 83
train01092.jpg 1 pressure 0 0 0 0 495 237 577 167 600 193 516 264
train01092.jpg 1 battery 0 0 0 0 835 509 841 428 899 432 892 514
