train00799.jpg 1 electronicequipment 158 297 287 488 182 295 288 313 257 490 151 471
train00799.jpg 1 electronicequipment 206 293 232 521 207 292 233 293 230 521 204 520
train00799.jpg 1 knife 254 234 308 358 272 231 312 238 288 360 248 353
train00799.jpg 1 lighter 290 303 346 430 285 306 329 300 346 423 302 429
train00799.jpg 1 OCbottle 297 297 370 409 281 311 342 291 379 405 318 425
train00799.jpg 1 pressure 290 253 446 606 283 269 362 248 451 578 372 599
train00799.jpg 1 lighter 227 344 264 457 239 341 276 348 256 459 220 452
train00799.jpg 1 battery 220 256 284 339 220 271 246 256 284 324 257 339
train00799.jpg 1 glassbottle 0 0 0 0 54 587 91 569 124 636 87 654
train00799.jpg 1 plasticbottle 0 0 0 0 289 345 321 311 458 434 425 470
train00799.jpg 1 electronicequipment 0 0 0 0 441 469 494 463 507 556 453 563
