train01352.jpg 1 knife 207 286 436 335 199 303 433 282 437 319 203 340
train01352.jpg 1 knife 203 250 436 288 204 274 432 242 436 269 208 301
train01352.jpg 1 knife 164 216 436 272 166 243 439 220 441 251 168 274
train01352.jpg 1 knife 215 186 434 225 215 205 432 182 434 207 217 230
train01352.jpg 1 knife 181 160 422 205 179 179 420 154 423 183 182 209
train01352.jpg 1 knife 189 102 429 153 183 127 425 97 430 133 188 163
train01352.jpg 1 knife 188 73 423 119 186 84 419 59 423 100 190 125
train01352.jpg 1 knife 162 33 419 95 164 55 414 24 419 63 169 94
train01352.jpg 1 knife 168 23 402 52 167 25 401 20 402 49 168 54
train01352.jpg 1 umbrella 0 0 0 0 140 134 190 19 230 36 180 151
train01352.jpg 1 glassbottle 0 0 0 0 37 237 71 217 110 279 75 300
train01352.jpg 1 metalbottle 0 0 0 0 270 330 312 186 349 196 306 341
