train00665.jpg 1 electronicequipment 128 211 499 611 119 222 495 209 509 606 133 619
train00665.jpg 1 knife 257 214 308 560 277 220 315 222 291 562 254 559
train00665.jpg 1 lighter 97 473 128 580 105 470 132 473 120 580 94 578
train00665.jpg 1 OCbottle 172 195 272 427 177 193 268 196 260 427 169 424
train00665.jpg 1 metalbottle 819 441 875 594 816 458 887 444 915 586 843 600
train00665.jpg 1 battery 112 402 150 459 134 402 150 408 128 459 112 452
train00665.jpg 1 battery 160 315 182 381 160 315 182 315 182 381 160 381
train00665.jpg 1 umbrella 0 0 0 0 378 46 495 43 498 121 380 125
train00665.jpg 1 umbrella 0 0 0 0 524 506 636 432 662 470 549 545
train00665.jpg 1 glassbottle 0 0 0 0 610 212 630 191 694 249 673 272
