train00236.jpg 1 knife 1 258 228 282 1 258 234 266 233 286 0 278
train00236.jpg 1 knife 1 236 259 254 0 242 257 233 258 254 1 263
train00236.jpg 1 knife 1 196 316 233 0 216 313 189 316 215 2 243
train00236.jpg 1 knife 30 150 249 195 30 146 249 153 248 196 29 189
train00236.jpg 1 knife 1 143 342 178 1 141 340 159 339 183 0 165
train00236.jpg 1 knife 1 111 299 156 1 111 299 127 298 154 0 139
train00236.jpg 1 knife 52 56 257 130 60 45 259 102 248 142 49 85
train00236.jpg 1 knife 29 51 253 89 30 43 253 58 250 92 28 77
train00236.jpg 1 knife 1 19 263 63 1 19 262 33 261 63 0 50
train00236.jpg 1 umbrella 0 0 0 0 111 89 148 82 173 201 135 208
train00236.jpg 1 battery 0 0 0 0 9 131 30 113 66 154 44 173
train00236.jpg 1 battery 0 0 0 0 48 183 48 183 48 183 48 183
