train01355.jpg 1 OCbottle 39 252 368 420 74 252 373 344 343 445 43 353
train01355.jpg 1 battery 190 174 406 337 195 272 375 173 424 263 245 362
train01355.jpg 1 electronicequipment 121 189 292 325 115 245 264 179 300 261 152 327
train01355.jpg 1 OCbottle 444 127 623 421 427 165 525 120 650 385 551 431
train01355.jpg 1 knife 303 264 535 383 321 249 555 329 523 422 289 342
train01355.jpg 1 battery 166 118 317 198 168 167 305 117 319 154 181 204
train01355.jpg 1 battery 332 83 402 158 332 83 402 83 402 158 332 158
train01355.jpg 1 metalbottle 107 136 292 303 107 176 258 136 292 262 141 303
train01355.jpg 1 umbrella 0 0 0 0 902 130 902 130 902 130 902 130
train01355.jpg 1 pressure 0 0 0 0 93 375 126 348 180 415 146 443
train01355.jpg 1 metalbottle 0 0 0 0 169 441 310 376 327 412 184 478
