train00823.jpg 1 battery 386 204 603 347 430 183 607 302 567 362 390 242
train00823.jpg 1 glassbottle 366 284 595 376 366 289 595 301 591 379 362 367
train00823.jpg 1 electronicequipment 539 228 718 350 575 203 721 339 688 374 542 238
train00823.jpg 1 lighter 656 358 719 437 691 355 720 376 677 441 647 420
train00823.jpg 1 lighter 677 386 736 460 709 377 744 394 708 468 673 450
train00823.jpg 1 pressure 239 254 475 412 276 248 490 382 451 445 237 311
train00823.jpg 1 battery 598 295 646 375 614 295 646 302 630 375 598 367
train00823.jpg 1 metalbottle 156 243 502 545 219 243 502 465 440 545 156 323
train00823.jpg 1 umbrella 0 0 0 0 645 268 645 268 644 268 644 268
train00823.jpg 1 umbrella 0 0 0 0 192 610 272 497 321 531 240 645
train00823.jpg 1 pressure 0 0 0 0 1050 521 1128 514 1132 552 1053 560
