train01210.jpg 1 knife 224 143 528 454 218 154 352 91 511 431 376 494
train01210.jpg 1 lighter 263 361 300 454 264 360 301 361 298 454 261 453
train01210.jpg 1 OCbottle 302 114 654 231 303 108 652 114 650 233 301 227
train01210.jpg 1 knife 611 146 723 354 695 138 732 158 640 326 602 305
train01210.jpg 1 battery 484 250 524 307 504 250 524 257 504 307 484 299
train01210.jpg 1 battery 340 127 426 199 340 175 409 127 426 150 357 199
train01210.jpg 1 battery 318 202 385 252 318 229 375 202 385 226 329 252
train01210.jpg 1 pressure 0 0 0 0 857 309 860 278 959 287 955 319
train01210.jpg 1 OCbottle 0 0 0 0 791 142 829 130 878 276 839 289
train01210.jpg 1 lighter 0 0 0 0 461 461 504 430 512 441 469 472
