train00696.jpg 1 electronicequipment 153 209 306 385 169 233 281 252 260 369 148 350
train00696.jpg 1 knife 190 138 281 450 229 149 297 161 247 449 178 437
train00696.jpg 1 battery 203 153 325 266 246 144 326 181 281 278 201 240
train00696.jpg 1 OCbottle 160 239 273 476 202 235 306 273 228 490 123 452
train00696.jpg 1 umbrella 260 202 381 493 307 206 392 221 345 487 260 472
train00696.jpg 1 lighter 117 364 202 428 115 402 190 367 204 396 128 431
train00696.jpg 1 knife 108 251 157 355 132 255 164 261 147 358 115 352
train00696.jpg 1 electronicequipment 833 149 1108 494 848 175 1119 127 1175 444 904 492
train00696.jpg 1 knife 820 76 1109 196 823 161 1100 86 1111 125 833 199
train00696.jpg 1 battery 982 7 1108 127 989 49 1097 20 1113 79 1005 108
train00696.jpg 1 knife 767 82 937 167 761 139 923 80 936 115 773 174
train00696.jpg 1 battery 201 68 256 113 201 92 244 68 256 89 213 113
train00696.jpg 1 lighter 1026 293 1108 327 1026 307 1104 293 1108 313 1030 327
train00696.jpg 1 umbrella 0 0 0 0 236 394 241 360 360 379 354 414
train00696.jpg 1 umbrella 0 0 0 0 792 102 815 59 927 122 903 165
train00696.jpg 1 battery 0 0 0 0 488 88 488 88 488 88 488 88
