train00199.jpg 1 knife 649 81 808 365 785 78 824 99 677 373 638 353
train00199.jpg 1 umbrella 660 141 823 438 760 139 828 165 721 444 652 417
train00199.jpg 1 lighter 852 168 909 250 849 184 868 172 910 237 891 249
train00199.jpg 1 lighter 44 193 77 305 49 195 76 195 76 308 49 308
train00199.jpg 1 pressure 544 99 710 424 640 89 719 115 617 426 539 401
train00199.jpg 1 electronicequipment 23 213 53 458 35 228 53 228 53 451 35 451
train00199.jpg 1 electronicequipment 49 250 65 418 49 250 65 250 65 418 49 418
train00199.jpg 1 pressure 0 0 0 0 100 314 103 236 143 237 139 316
train00199.jpg 1 OCbottle 0 0 0 0 373 179 418 167 459 314 413 327
train00199.jpg 1 battery 0 0 0 0 90 387 107 361 189 418 170 445
