train01492.jpg 1 glassbottle 91 115 326 307 132 99 350 220 293 323 75 203
train01492.jpg 1 lighter 144 21 290 102 155 19 289 76 277 105 143 48
train01492.jpg 1 electronicequipment 214 60 409 248 285 55 414 179 345 251 216 126
train01492.jpg 1 knife 387 203 455 304 377 213 423 193 465 289 420 309
train01492.jpg 1 knife 331 176 458 279 322 254 427 169 451 197 345 283
train01492.jpg 1 umbrella 355 242 516 450 468 220 528 260 401 448 341 408
train01492.jpg 1 battery 361 164 478 263 361 198 454 164 478 230 385 263
train01492.jpg 1 battery 327 64 416 141 346 64 416 114 396 141 327 90
train01492.jpg 1 umbrella 0 0 0 0 446 485 460 455 576 509 561 540
train01492.jpg 1 battery 0 0 0 0 523 385 574 384 576 462 525 463
train01492.jpg 1 electronicequipment 0 0 0 0 388 60 409 22 493 70 470 109
