train00610.jpg 1 metalbottle 104 115 386 351 100 264 348 109 404 198 156 352
train00610.jpg 1 knife 181 197 451 340 198 166 468 275 440 344 170 235
train00610.jpg 1 OCbottle 89 297 249 473 76 328 122 287 255 434 209 476
train00610.jpg 1 umbrella 89 285 431 418 113 279 402 351 384 424 95 352
train00610.jpg 1 metalbottle 301 291 488 394 315 288 489 325 474 398 300 361
train00610.jpg 1 OCbottle 394 174 531 367 457 166 536 201 463 365 384 330
train00610.jpg 1 metalbottle 280 166 500 338 280 220 466 166 500 285 314 338
train00610.jpg 1 battery 429 211 478 276 429 220 444 211 478 268 463 276
train00610.jpg 1 battery 203 355 269 372 203 355 269 355 269 372 203 372
train00610.jpg 1 OCbottle 0 0 0 0 464 296 611 260 621 298 473 335
train00610.jpg 1 metalbottle 0 0 0 0 418 175 454 166 494 311 457 321
train00610.jpg 1 battery 0 0 0 0 596 472 610 458 649 497 635 512
