train00494.jpg 1 pressure 296 136 647 463 378 155 658 398 593 472 313 229
train00494.jpg 1 electronicequipment 305 417 527 619 381 409 528 567 450 640 303 482
train00494.jpg 1 lighter 190 419 305 496 208 409 302 463 286 490 193 436
train00494.jpg 1 knife 177 365 338 501 190 356 336 492 318 511 172 375
train00494.jpg 1 knife 1021 234 1091 397 1056 231 1086 239 1040 400 1010 391
train00494.jpg 1 electronicequipment 992 220 1077 419 1006 213 1093 228 1060 415 973 400
train00494.jpg 1 pressure 1068 211 1127 383 1132 203 1203 236 1129 395 1057 362
train00494.jpg 1 battery 973 193 1029 283 1006 193 1029 202 996 283 973 274
train00494.jpg 1 glassbottle 0 0 0 0 51 106 84 34 125 52 90 125
train00494.jpg 1 plasticbottle 0 0 0 0 53 340 78 285 225 351 200 407
train00494.jpg 1 battery 0 0 0 0 114 593 125 578 166 607 154 623
