train00683.jpg 1 OCbottle 139 352 269 521 128 368 230 341 274 504 171 532
train00683.jpg 1 pressure 165 378 296 576 156 395 213 365 312 558 254 588
train00683.jpg 1 knife 183 276 508 649 169 292 294 219 514 600 389 673
train00683.jpg 1 lighter 232 622 330 660 226 623 334 629 333 656 224 650
train00683.jpg 1 lighter 262 624 387 663 260 630 384 617 388 656 264 669
train00683.jpg 1 electronicequipment 298 490 485 637 288 523 463 486 486 597 312 634
train00683.jpg 1 OCbottle 424 409 589 608 411 453 486 405 596 574 521 623
train00683.jpg 1 OCbottle 102 491 311 585 94 500 308 488 313 579 99 590
train00683.jpg 1 OCbottle 132 560 316 636 125 570 311 550 319 621 132 640
train00683.jpg 1 pressure 0 0 0 0 393 217 401 180 477 198 467 236
train00683.jpg 1 battery 0 0 0 0 39 319 55 310 82 354 65 364
train00683.jpg 1 electronicequipment 0 0 0 0 123 429 185 350 217 374 154 454
