train00697.jpg 1 electronicequipment 250 155 588 375 180 181 574 174 577 368 184 375
train00697.jpg 1 knife 82 159 410 408 136 124 456 323 401 412 81 212
train00697.jpg 1 umbrella 236 80 404 331 339 71 406 97 316 333 248 307
train00697.jpg 1 electronicequipment 1042 128 1125 335 1062 136 1093 136 1093 331 1062 331
train00697.jpg 1 electronicequipment 211 325 341 419 226 320 347 379 328 419 207 360
train00697.jpg 1 lighter 100 231 162 312 99 239 131 224 166 294 134 310
train00697.jpg 1 lighter 1096 215 1184 267 1097 230 1182 213 1189 253 1104 269
train00697.jpg 1 metalbottle 1079 89 1196 283 1068 132 1190 95 1238 250 1116 288
train00697.jpg 1 electronicequipment 151 278 301 404 217 253 306 376 236 426 147 304
train00697.jpg 1 OCbottle 90 49 259 224 78 89 157 31 268 185 189 242
train00697.jpg 1 pressure 0 0 0 0 938 37 967 8 1026 66 997 96
train00697.jpg 1 glassbottle 0 0 0 0 565 184 579 110 611 115 596 190
train00697.jpg 1 plasticbottle 0 0 0 0 109 78 125 41 268 102 252 140
