train01308.jpg 1 umbrella 368 223 533 454 472 225 538 253 453 455 387 427
train01308.jpg 1 glassbottle 529 5 817 139 526 10 802 0 806 126 531 136
train01308.jpg 1 knife 412 136 764 178 411 139 763 132 764 174 412 181
train01308.jpg 1 OCbottle 408 160 704 276 412 198 695 154 708 236 425 281
train01308.jpg 1 OCbottle 491 71 876 211 492 129 863 64 877 142 506 208
train01308.jpg 1 pressure 460 168 815 259 462 178 780 178 780 259 462 259
train01308.jpg 1 metalbottle 382 12 856 260 368 8 829 -56 864 193 403 258
train01308.jpg 1 OCbottle 0 0 0 0 270 513 313 501 357 649 313 662
train01308.jpg 1 battery 0 0 0 0 477 591 522 574 529 590 483 608
train01308.jpg 1 lighter 0 0 0 0 381 13 429 12 430 19 382 21
