train01018.jpg 1 lighter 198 366 319 401 197 364 319 367 318 402 196 399
train01018.jpg 1 knife 91 334 314 482 83 460 297 322 321 359 108 497
train01018.jpg 1 knife 82 478 212 559 95 468 224 520 205 566 76 514
train01018.jpg 1 lighter 617 242 685 363 612 250 652 239 682 350 642 361
train01018.jpg 1 knife 705 272 828 442 701 291 748 264 843 427 795 454
train01018.jpg 1 OCbottle 216 398 413 555 246 361 416 499 360 568 190 430
train01018.jpg 1 OCbottle 141 259 409 480 187 259 409 414 363 480 141 324
train01018.jpg 1 umbrella 0 0 0 0 699 567 730 449 772 460 741 579
train01018.jpg 1 pressure 0 0 0 0 452 372 460 335 559 359 549 397
train01018.jpg 1 metalbottle 0 0 0 0 417 628 433 480 474 483 457 632
