train01326.jpg 1 umbrella 54 306 367 515 37 429 352 302 381 374 66 501
train01326.jpg 1 metalbottle 5 448 155 564 10 446 163 476 145 570 -7 540
train01326.jpg 1 knife 315 540 453 598 317 543 452 538 453 591 318 596
train01326.jpg 1 knife 261 447 449 603 261 573 437 436 461 466 285 604
train01326.jpg 1 lighter 187 618 305 642 187 617 306 612 307 637 188 642
train01326.jpg 1 lighter 214 473 332 518 213 498 334 464 341 488 220 523
train01326.jpg 1 OCbottle 136 505 210 641 133 510 203 504 214 636 144 642
train01326.jpg 1 electronicequipment 203 500 410 629 203 527 395 500 410 602 217 629
train01326.jpg 1 pressure 0 0 0 0 199 490 214 416 253 423 237 498
train01326.jpg 1 metalbottle 0 0 0 0 318 527 330 491 475 539 462 576
train01326.jpg 1 battery 0 0 0 0 520 424 531 376 550 380 538 428
