train01461.jpg 1 metalbottle 233 138 337 430 233 138 337 138 337 430 233 430
train01461.jpg 1 metalbottle 334 225 411 415 332 225 409 224 412 414 335 415
train01461.jpg 1 umbrella 411 229 531 537 399 242 477 225 542 529 464 546
train01461.jpg 1 knife 216 183 241 301 216 183 241 183 241 301 216 301
train01461.jpg 1 lighter 104 395 148 499 114 392 145 396 133 495 101 491
train01461.jpg 1 knife 960 255 1184 309 962 253 1188 273 1184 313 959 293
train01461.jpg 1 OCbottle 1068 311 1172 611 1062 312 1166 309 1177 609 1073 612
train01461.jpg 1 knife 1047 379 1197 514 1034 492 1182 358 1213 392 1064 525
train01461.jpg 1 glassbottle 975 531 1003 558 974 531 1002 530 1003 557 975 558
train01461.jpg 1 glassbottle 978 559 1007 588 978 559 1007 559 1007 588 978 588
train01461.jpg 1 battery 0 0 0 0 35 87 44 71 87 95 78 111
train01461.jpg 1 battery 0 0 0 0 657 182 679 147 758 197 736 233
train01461.jpg 1 electronicequipment 0 0 0 0 436 501 528 415 621 513 528 600
