train01366.jpg 1 metalbottle 285 222 487 293 284 240 482 219 488 274 290 295
train01366.jpg 1 battery 98 188 243 329 160 198 222 236 159 341 96 304
train01366.jpg 1 lighter 193 38 269 148 232 63 258 81 206 156 180 137
train01366.jpg 1 electronicequipment 187 79 361 237 156 208 275 56 360 123 242 275
train01366.jpg 1 OCbottle 243 203 363 421 225 216 333 195 375 411 267 432
train01366.jpg 1 knife 173 237 279 326 169 306 255 224 281 250 195 333
train01366.jpg 1 electronicequipment 111 113 191 280 180 120 208 141 110 270 83 250
train01366.jpg 1 battery 176 60 229 138 206 60 229 70 199 138 176 128
train01366.jpg 1 electronicequipment 185 114 319 268 239 114 319 232 264 268 185 151
train01366.jpg 1 OCbottle 287 -2 428 122 323 -2 428 48 392 122 287 71
train01366.jpg 1 umbrella 0 0 0 0 735 488 807 380 840 401 767 511
train01366.jpg 1 pressure 0 0 0 0 436 482 460 457 541 533 516 559
train01366.jpg 1 electronicequipment 0 0 0 0 114 387 245 293 294 359 162 455
