train01119.jpg 1 OCbottle 183 323 400 504 232 304 394 445 330 518 168 377
train01119.jpg 1 metalbottle 229 440 367 608 278 422 380 459 321 621 219 584
train01119.jpg 1 knife 252 252 429 574 234 268 275 245 447 556 406 578
train01119.jpg 1 OCbottle 340 301 426 432 354 301 425 306 416 437 345 432
train01119.jpg 1 lighter 367 186 452 292 424 181 456 198 399 305 367 288
train01119.jpg 1 lighter 475 198 531 312 475 210 508 202 535 312 502 320
train01119.jpg 1 glassbottle 370 165 484 416 362 171 450 157 491 419 404 433
train01119.jpg 1 glassbottle 413 235 520 500 454 228 542 244 496 507 408 491
train01119.jpg 1 metalbottle 465 430 576 574 463 430 574 429 577 573 466 574
train01119.jpg 1 knife 383 404 511 447 386 396 513 411 507 454 380 439
train01119.jpg 1 battery 496 341 534 478 499 341 534 342 531 478 496 477
train01119.jpg 1 pressure 0 0 0 0 123 411 145 384 231 454 207 483
train01119.jpg 1 glassbottle 0 0 0 0 134 211 162 133 193 144 164 223
train01119.jpg 1 OCbottle 0 0 0 0 29 472 177 470 178 525 30 529
