train01204.jpg 1 electronicequipment 145 222 273 437 120 270 170 232 282 381 232 419
train01204.jpg 1 lighter 228 409 316 512 224 420 259 403 315 511 280 529
train01204.jpg 1 lighter 239 416 332 463 247 411 329 442 316 476 234 445
train01204.jpg 1 glassbottle 128 193 324 451 115 221 186 180 327 424 256 465
train01204.jpg 1 umbrella 195 201 415 460 175 212 245 165 426 433 356 480
train01204.jpg 1 OCbottle 176 115 538 245 168 112 535 138 527 243 160 217
train01204.jpg 1 knife 362 197 654 514 627 191 657 219 369 528 339 500
train01204.jpg 1 knife 358 325 583 522 342 508 556 294 594 332 380 545
train01204.jpg 1 umbrella 0 0 0 0 7 496 116 426 135 453 25 525
train01204.jpg 1 battery 0 0 0 0 780 294 809 223 855 241 826 313
train01204.jpg 1 electronicequipment 0 0 0 0 462 659 468 561 474 562 467 660
