train01055.jpg 1 knife 111 406 237 533 102 426 142 393 244 519 204 552
train01055.jpg 1 knife 122 472 312 634 140 450 317 628 288 656 111 479
train01055.jpg 1 lighter 143 505 265 595 132 586 230 494 258 524 160 616
train01055.jpg 1 electronicequipment 1036 277 1161 456 1068 279 1191 301 1160 477 1037 456
train01055.jpg 1 lighter 1045 462 1152 493 1045 459 1152 464 1151 495 1044 490
train01055.jpg 1 knife 1092 382 1159 527 1099 378 1166 385 1151 530 1084 523
train01055.jpg 1 knife 1127 288 1162 523 1124 288 1159 287 1164 522 1129 523
train01055.jpg 1 pressure 1053 145 1162 315 1187 126 1240 174 1124 303 1071 255
train01055.jpg 1 plasticbottle 0 0 0 0 294 444 442 401 454 443 306 487
train01055.jpg 1 metalbottle 0 0 0 0 780 206 794 170 936 229 921 266
train01055.jpg 1 electronicequipment 0 0 0 0 422 212 433 193 620 309 608 329
