train00664.jpg 1 OCbottle 449 213 781 332 447 215 778 210 780 321 449 327
train00664.jpg 1 OCbottle 328 467 473 576 320 508 455 454 484 525 349 579
train00664.jpg 1 umbrella 275 190 574 414 323 186 580 373 538 430 281 244
train00664.jpg 1 umbrella 100 87 309 312 79 260 253 93 326 168 152 336
train00664.jpg 1 knife 183 270 308 338 193 261 317 309 301 349 177 302
train00664.jpg 1 knife 1071 445 1160 519 1084 434 1168 510 1147 534 1063 457
train00664.jpg 1 electronicequipment 109 246 329 397 105 284 302 253 320 364 122 395
train00664.jpg 1 electronicequipment 109 61 703 533 116 283 535 21 698 282 279 544
train00664.jpg 1 pressure 0 0 0 0 920 189 1012 164 1021 193 927 220
train00664.jpg 1 glassbottle 0 0 0 0 922 587 1000 587 1000 623 922 623
train00664.jpg 1 plasticbottle 0 0 0 0 880 86 1024 32 1042 79 897 134
