train00998.jpg 1 knife 140 169 280 291 133 259 248 159 280 196 165 296
train00998.jpg 1 electronicequipment 305 374 497 463 303 381 493 374 496 456 306 462
train00998.jpg 1 umbrella 461 200 782 412 465 370 752 176 794 238 507 432
train00998.jpg 1 metalbottle 679 110 880 268 714 109 884 168 849 270 678 211
train00998.jpg 1 lighter 561 105 684 151 560 110 686 101 689 142 563 151
train00998.jpg 1 metalbottle 305 126 565 354 305 171 532 127 569 318 342 362
train00998.jpg 1 battery 203 188 264 331 234 180 272 189 238 336 201 327
train00998.jpg 1 knife 223 165 414 286 221 252 403 151 422 185 240 286
train00998.jpg 1 electronicequipment 409 178 522 283 416 168 528 262 507 288 394 193
train00998.jpg 1 knife 1138 212 1172 450 1139 215 1161 214 1165 449 1144 450
train00998.jpg 1 battery 171 147 246 179 171 155 244 147 246 172 174 179
train00998.jpg 1 lighter 154 145 248 230 154 208 228 145 248 168 173 230
train00998.jpg 1 metalbottle 162 233 246 321 162 263 202 233 246 292 207 321
train00998.jpg 1 OCbottle 160 236 259 385 191 236 259 252 229 385 160 369
train00998.jpg 1 battery 359 222 404 279 359 222 404 222 404 279 359 279
train00998.jpg 1 umbrella 0 0 0 0 23 213 64 205 92 323 50 333
train00998.jpg 1 glassbottle 0 0 0 0 617 519 667 451 702 476 652 545
train00998.jpg 1 battery 0 0 0 0 1067 103 1097 27 1111 32 1081 109
