train01488.jpg 1 electronicequipment 98 88 512 345 107 98 524 113 515 355 99 340
train01488.jpg 1 electronicequipment 84 194 205 360 93 188 213 200 195 365 75 353
train01488.jpg 1 metalbottle 1002 263 1116 464 1049 248 1118 267 1066 463 996 444
train01488.jpg 1 knife 103 194 210 343 164 178 222 207 150 356 91 328
train01488.jpg 1 pressure 147 21 259 178 211 11 273 46 194 183 132 148
train01488.jpg 1 metalbottle 124 191 358 289 126 198 356 210 351 289 122 277
train01488.jpg 1 lighter 229 255 324 335 218 308 305 260 322 291 235 339
train01488.jpg 1 knife 1072 212 1191 410 1126 211 1172 225 1115 414 1068 400
train01488.jpg 1 lighter 1072 500 1189 541 1074 494 1190 506 1186 546 1070 534
train01488.jpg 1 battery 0 0 0 0 945 120 946 103 995 108 993 127
train01488.jpg 1 battery 0 0 0 0 1059 599 1076 528 1120 538 1101 610
train01488.jpg 1 lighter 0 0 0 0 923 247 968 219 973 225 927 254
