train00949.jpg 1 pressure 269 53 535 282 250 113 306 41 529 215 473 287
train00949.jpg 1 electronicequipment 123 211 291 360 168 149 286 200 248 289 130 238
train00949.jpg 1 battery 287 357 420 409 289 354 408 361 405 404 286 397
train00949.jpg 1 lighter 295 281 381 341 303 282 396 310 384 350 291 321
train00949.jpg 1 knife 268 81 427 233 293 81 427 206 402 233 268 108
train00949.jpg 1 electronicequipment 228 204 386 369 197 243 264 174 391 296 324 365
train00949.jpg 1 battery 278 352 329 408 278 368 300 352 329 392 307 408
train00949.jpg 1 metalbottle 234 96 495 383 234 180 368 96 495 300 362 383
train00949.jpg 1 umbrella 0 0 0 0 92 349 211 320 222 365 102 395
train00949.jpg 1 metalbottle 0 0 0 0 426 157 484 13 527 29 469 175
train00949.jpg 1 electronicequipment 0 0 0 0 59 456 85 435 212 595 185 616
