train00137.jpg 1 knife 169 74 539 216 176 191 541 58 553 92 188 225
train00137.jpg 1 electronicequipment 758 105 860 258 774 105 866 115 850 262 758 253
train00137.jpg 1 electronicequipment 408 352 525 529 408 352 525 352 525 529 408 529
train00137.jpg 1 knife 149 73 286 199 258 58 296 100 169 214 131 173
train00137.jpg 1 battery 1008 304 1197 480 1016 407 1190 306 1230 375 1056 476
train00137.jpg 1 knife 1037 420 1135 511 1056 413 1145 493 1117 525 1027 444
train00137.jpg 1 electronicequipment 505 305 656 446 539 297 647 324 614 458 505 431
train00137.jpg 1 OCbottle 428 165 638 273 419 200 617 157 635 243 438 285
train00137.jpg 1 lighter 1064 351 1180 409 1070 349 1184 382 1174 417 1060 384
train00137.jpg 1 glassbottle 1101 95 1193 336 1068 105 1171 54 1293 303 1189 354
train00137.jpg 1 battery 585 300 666 401 642 289 669 308 605 404 578 385
train00137.jpg 1 battery 447 189 526 221 447 197 524 189 526 213 450 221
train00137.jpg 1 battery 269 201 306 264 281 201 306 206 294 264 269 258
train00137.jpg 1 metalbottle 1047 148 1350 500 1047 234 1197 148 1350 413 1200 500
train00137.jpg 1 metalbottle 530 413 662 557 574 413 662 449 618 557 530 521
train00137.jpg 1 umbrella 0 0 0 0 1026 455 1139 403 1155 437 1041 490
train00137.jpg 1 pressure 0 0 0 0 967 146 996 132 1041 224 1011 238
train00137.jpg 1 glassbottle 0 0 0 0 979 383 1010 312 1049 329 1017 400
