train00816.jpg 1 electronicequipment 132 273 274 472 169 274 273 294 237 480 133 460
train00816.jpg 1 knife 315 212 450 566 412 209 479 232 363 567 297 544
train00816.jpg 1 lighter 317 397 376 508 320 402 354 394 380 507 346 514
train00816.jpg 1 lighter 198 514 318 558 201 509 321 530 316 559 196 538
train00816.jpg 1 OCbottle 786 427 936 525 819 406 944 459 912 535 787 482
train00816.jpg 1 lighter 213 463 321 508 221 445 322 484 310 514 209 476
train00816.jpg 1 OCbottle 708 149 823 405 745 185 835 208 786 402 696 380
train00816.jpg 1 glassbottle 838 279 944 444 829 322 901 266 997 390 925 446
train00816.jpg 1 metalbottle 836 347 944 467 864 345 982 398 946 479 828 427
train00816.jpg 1 battery 175 453 261 511 186 453 261 487 251 511 175 477
train00816.jpg 1 battery 245 502 330 534 246 502 330 507 329 534 245 528
train00816.jpg 1 battery 0 0 0 0 795 190 795 190 795 190 795 190
train00816.jpg 1 electronicequipment 0 0 0 0 504 115 575 17 692 100 620 199
train00816.jpg 1 lighter 0 0 0 0 847 201 847 201 847 201 847 201
