train00330.jpg 1 pressure 390 122 762 392 427 112 768 333 723 402 383 181
train00330.jpg 1 knife 129 396 471 579 140 379 473 556 457 587 123 410
train00330.jpg 1 electronicequipment 183 418 342 564 182 459 284 403 350 522 248 579
train00330.jpg 1 OCbottle 91 273 273 463 80 316 172 261 268 421 176 476
train00330.jpg 1 lighter 158 432 223 514 156 446 174 437 206 498 187 508
train00330.jpg 1 metalbottle 401 315 661 551 385 426 477 299 676 443 583 570
train00330.jpg 1 knife 169 382 332 420 171 382 332 399 330 420 169 403
train00330.jpg 1 umbrella 0 0 0 0 986 392 1000 362 1117 418 1102 449
train00330.jpg 1 pressure 0 0 0 0 553 481 630 471 635 509 557 521
train00330.jpg 1 battery 0 0 0 0 96 530 97 528 97 528 96 530
