train00999.jpg 1 knife 116 303 256 390 130 295 262 360 239 405 107 341
train00999.jpg 1 knife 135 139 245 394 219 135 249 146 159 394 128 383
train00999.jpg 1 umbrella 137 99 362 412 293 92 370 133 214 428 136 387
train00999.jpg 1 electronicequipment 198 204 408 344 188 230 396 193 417 314 210 351
train00999.jpg 1 lighter 405 283 520 366 406 347 499 279 515 302 422 370
train00999.jpg 1 lighter 838 121 879 212 834 122 875 119 882 210 841 213
train00999.jpg 1 knife 851 317 891 424 848 320 876 314 897 412 868 418
train00999.jpg 1 battery 414 223 470 282 429 223 470 268 455 282 414 236
train00999.jpg 1 lighter 366 259 410 369 370 259 410 261 406 369 366 367
train00999.jpg 1 lighter 806 182 843 283 810 182 843 183 840 283 806 282
train00999.jpg 1 battery 856 349 888 408 856 353 879 349 888 404 866 408
train00999.jpg 1 electronicequipment 798 205 925 375 855 205 925 233 867 375 798 346
train00999.jpg 1 electronicequipment 832 82 901 213 841 82 901 86 892 213 832 209
train00999.jpg 1 pressure 0 0 0 0 116 51 193 30 206 73 128 95
train00999.jpg 1 glassbottle 0 0 0 0 396 319 422 250 462 264 434 334
train00999.jpg 1 battery 0 0 0 0 80 230 84 211 132 221 128 241
