train00375.jpg 1 OCbottle 220 109 523 263 215 176 497 100 526 208 244 284
train00375.jpg 1 umbrella 246 377 591 500 258 379 592 420 583 496 249 455
train00375.jpg 1 electronicequipment 170 157 728 594 168 370 590 126 730 368 308 611
train00375.jpg 1 knife 494 252 548 412 498 253 534 251 542 399 505 401
train00375.jpg 1 pressure 289 485 556 681 281 638 522 482 557 535 315 692
train00375.jpg 1 metalbottle 445 407 782 661 441 578 735 402 788 491 495 668
train00375.jpg 1 lighter 1036 270 1097 337 1066 267 1092 282 1057 339 1032 324
train00375.jpg 1 metalbottle 4 179 102 340 -69 245 -13 179 108 282 53 347
train00375.jpg 1 umbrella 6 118 157 278 23 95 177 184 121 281 -32 193
train00375.jpg 1 battery 0 0 0 0 1090 627 1102 613 1142 647 1129 662
train00375.jpg 1 battery 0 0 0 0 497 468 513 452 577 518 560 534
train00375.jpg 1 electronicequipment 0 0 0 0 651 209 658 205 717 302 709 307
