train00645.jpg 1 umbrella 440 201 784 343 444 280 764 200 782 269 461 349
train00645.jpg 1 lighter 162 166 276 249 160 234 260 161 277 184 177 257
train00645.jpg 1 lighter 149 180 190 289 156 186 189 190 178 291 146 287
train00645.jpg 1 electronicequipment 980 305 1145 439 979 379 1147 308 1162 344 995 416
train00645.jpg 1 pressure 199 331 428 448 215 331 428 400 412 448 199 379
train00645.jpg 1 battery 175 396 230 470 175 407 193 396 230 459 213 470
train00645.jpg 1 electronicequipment 266 344 386 420 266 367 375 344 386 396 277 420
train00645.jpg 1 umbrella 0 0 0 0 472 422 498 303 540 312 514 432
train00645.jpg 1 pressure 0 0 0 0 178 597 250 570 264 606 191 633
train00645.jpg 1 pressure 0 0 0 0 465 73 471 42 569 62 562 93
