train00542.jpg 1 electronicequipment 158 498 343 589 153 549 335 507 346 555 164 597
train00542.jpg 1 electronicequipment 318 328 521 477 306 448 509 331 529 365 326 482
train00542.jpg 1 lighter 151 196 260 303 174 194 265 279 241 305 150 220
train00542.jpg 1 OCbottle 347 358 617 532 339 475 577 359 616 440 378 556
train00542.jpg 1 metalbottle 69 218 384 515 62 446 334 192 408 271 136 525
train00542.jpg 1 knife 339 400 497 455 338 415 494 398 499 441 343 457
train00542.jpg 1 battery 472 426 555 470 472 446 549 426 555 451 478 470
train00542.jpg 1 glassbottle 0 0 0 0 534 498 566 477 608 538 575 560
train00542.jpg 1 battery 0 0 0 0 464 445 472 428 518 450 509 468
train00542.jpg 1 battery 0 0 0 0 142 169 183 100 202 110 160 180
