train01282.jpg 1 metalbottle 247 206 556 434 221 309 500 179 580 352 301 482
train01282.jpg 1 knife 116 336 356 387 115 332 353 365 349 392 111 359
train01282.jpg 1 knife 200 227 417 299 198 259 412 222 420 263 205 301
train01282.jpg 1 lighter 160 126 296 174 161 145 293 122 299 158 167 181
train01282.jpg 1 electronicequipment 174 190 405 303 179 204 398 192 403 282 184 294
train01282.jpg 1 metalbottle 913 199 994 351 907 217 974 176 1056 306 989 348
train01282.jpg 1 electronicequipment 835 25 924 228 831 32 914 28 925 224 842 228
train01282.jpg 1 lighter 899 85 951 169 890 77 913 66 957 162 935 172
train01282.jpg 1 glassbottle 922 317 1012 417 922 337 945 317 1012 397 989 417
train01282.jpg 1 pressure 0 0 0 0 513 255 540 179 579 192 551 269
train01282.jpg 1 pressure 0 0 0 0 368 255 397 242 442 334 412 348
train01282.jpg 1 lighter 0 0 0 0 486 88 507 38 519 43 497 94
