train01050.jpg 1 metalbottle 213 309 367 409 224 295 371 326 352 416 205 385
train01050.jpg 1 pressure 101 125 167 351 101 126 162 125 166 348 105 349
train01050.jpg 1 battery 179 69 301 248 181 78 268 64 300 266 213 280
train01050.jpg 1 electronicequipment 84 191 164 322 81 209 143 195 168 305 106 319
train01050.jpg 1 lighter 146 163 186 276 149 166 172 163 186 263 163 267
train01050.jpg 1 lighter 169 145 207 250 168 158 188 154 208 247 188 251
train01050.jpg 1 battery 130 78 182 153 164 78 182 87 148 153 130 144
train01050.jpg 1 umbrella 0 0 0 0 196 180 309 80 338 110 223 212
train01050.jpg 1 electronicequipment 0 0 0 0 41 544 111 411 200 457 128 592
train01050.jpg 1 lighter 0 0 0 0 46 439 83 401 98 413 60 453
