train01447.jpg 1 metalbottle 379 380 496 561 377 398 463 378 501 544 415 564
train01447.jpg 1 electronicequipment 175 180 643 578 177 350 519 161 653 403 311 592
train01447.jpg 1 knife 886 364 1009 594 860 387 941 346 1057 572 975 613
train01447.jpg 1 electronicequipment 863 396 961 558 846 410 894 381 987 535 939 564
train01447.jpg 1 metalbottle 888 390 1019 594 891 425 981 377 1078 559 987 607
train01447.jpg 1 knife 380 285 503 365 380 273 505 326 492 355 368 302
train01447.jpg 1 metalbottle 446 219 645 440 427 274 526 205 657 392 558 462
train01447.jpg 1 glassbottle 0 0 0 0 120 173 120 173 120 173 120 173
train01447.jpg 1 battery 0 0 0 0 771 402 786 387 827 427 811 443
train01447.jpg 1 electronicequipment 0 0 0 0 331 367 346 271 371 274 354 371
