train00326.jpg 1 electronicequipment 136 276 314 427 197 247 313 419 252 461 136 289
train00326.jpg 1 battery 144 316 294 437 168 375 227 305 288 356 229 426
train00326.jpg 1 umbrella 135 409 460 586 180 376 471 530 428 612 136 457
train00326.jpg 1 knife 344 170 541 594 339 185 416 156 567 570 489 598
train00326.jpg 1 knife 455 443 518 594 494 446 520 454 480 594 454 587
train00326.jpg 1 lighter 472 147 530 261 473 165 495 157 530 254 508 262
train00326.jpg 1 lighter 450 161 514 283 452 178 475 169 509 265 487 273
train00326.jpg 1 glassbottle 349 126 565 484 311 152 486 109 573 460 399 503
train00326.jpg 1 battery 159 424 231 474 168 424 231 458 222 474 159 441
train00326.jpg 1 pressure 0 0 0 0 408 266 411 168 443 169 439 267
train00326.jpg 1 battery 0 0 0 0 225 100 269 34 290 47 245 114
train00326.jpg 1 lighter 0 0 0 0 420 98 468 88 470 95 421 105
