train00434.jpg 1 umbrella 138 284 356 569 135 324 207 277 377 538 305 585
train00434.jpg 1 electronicequipment 166 439 337 561 158 513 279 426 331 498 211 586
train00434.jpg 1 electronicequipment 151 196 576 569 149 386 394 157 576 352 330 580
train00434.jpg 1 knife 212 252 544 315 212 249 544 254 543 317 211 312
train00434.jpg 1 knife 469 458 607 605 590 448 617 475 484 608 457 581
train00434.jpg 1 lighter 278 570 393 630 282 571 396 610 388 632 275 593
train00434.jpg 1 umbrella 1010 107 1158 345 1089 101 1168 128 1089 357 1010 329
train00434.jpg 1 knife 1024 150 1182 284 1019 250 1199 158 1224 206 1044 298
train00434.jpg 1 OCbottle 397 418 562 582 428 418 562 449 531 582 397 551
train00434.jpg 1 umbrella 0 0 0 0 128 363 163 363 163 481 128 481
train00434.jpg 1 electronicequipment 0 0 0 0 105 115 145 17 154 20 113 119
train00434.jpg 1 electronicequipment 0 0 0 0 976 372 1146 352 1156 432 986 454
