train00632.jpg 1 knife 159 129 578 395 155 315 511 66 579 162 223 412
train00632.jpg 1 knife 214 95 505 293 182 255 455 64 528 168 255 359
train00632.jpg 1 lighter 129 136 167 261 125 143 149 139 161 202 136 206
train00632.jpg 1 lighter 162 189 206 285 173 208 197 206 201 257 178 259
train00632.jpg 1 lighter 226 269 275 373 239 302 268 310 253 366 224 358
train00632.jpg 1 electronicequipment 152 149 264 312 155 141 250 132 264 299 169 307
train00632.jpg 1 lighter 195 276 233 352 208 276 233 280 220 352 195 347
train00632.jpg 1 battery 128 102 211 139 132 102 211 116 207 139 128 125
train00632.jpg 1 battery 146 209 173 279 146 211 161 209 173 276 157 279
train00632.jpg 1 umbrella 0 0 0 0 81 235 194 179 216 222 102 279
train00632.jpg 1 glassbottle 0 0 0 0 621 74 653 51 698 109 665 134
train00632.jpg 1 electronicequipment 0 0 0 0 300 394 365 389 375 491 309 497
