train00269.jpg 1 pressure 127 81 461 330 164 70 437 254 393 319 120 135
train00269.jpg 1 battery 174 188 318 378 180 219 263 194 314 360 231 385
train00269.jpg 1 electronicequipment 111 203 315 280 109 208 299 215 297 274 107 267
train00269.jpg 1 knife 84 168 535 233 86 162 537 194 534 239 83 207
train00269.jpg 1 electronicequipment 151 296 289 421 159 309 240 280 287 407 206 437
train00269.jpg 1 metalbottle 1065 245 1193 423 1067 261 1196 250 1210 408 1081 419
train00269.jpg 1 electronicequipment 138 289 197 407 133 288 145 282 195 394 183 400
train00269.jpg 1 lighter 155 260 213 344 154 269 172 257 218 323 200 335
train00269.jpg 1 battery 103 151 124 220 103 151 124 151 124 220 103 220
train00269.jpg 1 pressure 0 0 0 0 97 566 101 528 179 537 174 577
train00269.jpg 1 metalbottle 0 0 0 0 602 78 619 41 763 107 745 145
train00269.jpg 1 battery 0 0 0 0 563 247 588 247 588 295 563 295
