train01020.jpg 1 OCbottle 177 168 434 393 177 305 372 168 434 257 239 393
train01020.jpg 1 knife 207 316 494 414 207 316 487 316 487 417 207 417
train01020.jpg 1 metalbottle 319 217 534 361 319 285 506 217 534 293 347 361
train01020.jpg 1 electronicequipment 356 354 583 447 354 400 574 361 583 410 362 449
train01020.jpg 1 lighter 275 422 406 447 302 431 406 413 410 440 307 458
train01020.jpg 1 lighter 468 440 591 474 467 457 578 438 583 464 471 484
train01020.jpg 1 OCbottle 424 369 607 471 418 403 584 343 615 427 449 488
train01020.jpg 1 glassbottle 238 296 541 431 238 347 526 296 541 380 253 431
train01020.jpg 1 umbrella 0 0 0 0 302 481 344 481 344 599 302 599
train01020.jpg 1 pressure 0 0 0 0 756 447 828 411 846 446 773 482
train01020.jpg 1 metalbottle 0 0 0 0 620 486 697 347 759 381 681 521
