train00414.jpg 1 metalbottle 162 5 459 139 203 -47 465 69 417 176 155 59
train00414.jpg 1 electronicequipment 60 60 596 415 110 52 589 146 533 435 54 341
train00414.jpg 1 knife 166 233 571 417 187 218 588 325 559 434 158 327
train00414.jpg 1 battery 74 341 312 462 92 346 289 403 274 458 76 402
train00414.jpg 1 knife 246 357 575 451 256 340 579 420 570 454 248 374
train00414.jpg 1 umbrella 991 242 1195 423 1029 229 1235 373 1189 439 983 295
train00414.jpg 1 knife 1096 32 1165 317 1077 37 1117 27 1180 300 1140 310
train00414.jpg 1 knife 1104 139 1196 386 1090 154 1143 132 1253 392 1201 414
train00414.jpg 1 glassbottle 0 0 0 0 184 360 194 285 236 290 225 366
train00414.jpg 1 OCbottle 0 0 0 0 659 402 800 309 826 348 684 442
train00414.jpg 1 battery 0 0 0 0 887 91 918 16 933 22 901 98
