train00068.jpg 1 knife 232 156 328 320 286 145 333 164 266 330 219 312
train00068.jpg 1 lighter 145 318 231 447 186 329 216 341 171 452 141 440
train00068.jpg 1 knife 120 361 295 549 109 532 284 344 316 374 141 562
train00068.jpg 1 glassbottle 271 225 552 374 288 224 566 330 540 398 262 291
train00068.jpg 1 pressure 318 142 661 425 354 137 638 343 583 419 299 212
train00068.jpg 1 knife 215 295 680 425 224 284 693 375 675 470 206 378
train00068.jpg 1 lighter 350 383 477 431 356 376 479 389 474 432 352 419
train00068.jpg 1 knife 1010 467 1081 595 1007 473 1064 462 1089 587 1031 598
train00068.jpg 1 lighter 984 566 1085 640 991 558 1087 604 1070 639 974 593
train00068.jpg 1 pressure 1071 354 1144 569 1070 356 1142 349 1165 562 1092 570
train00068.jpg 1 umbrella 0 0 0 0 487 460 507 429 622 504 601 536
train00068.jpg 1 umbrella 0 0 0 0 666 37 785 12 801 86 681 112
train00068.jpg 1 electronicequipment 0 0 0 0 757 466 789 376 821 387 788 478
