train01290.jpg 1 umbrella 112 74 437 242 104 175 427 51 459 133 135 257
train01290.jpg 1 metalbottle 151 224 532 369 144 316 502 199 536 302 177 418
train01290.jpg 1 electronicequipment 166 249 670 494 149 289 634 213 669 429 184 506
train01290.jpg 1 pressure 235 356 618 498 223 431 603 350 621 438 242 519
train01290.jpg 1 umbrella 949 74 1081 357 936 89 1033 68 1092 346 995 366
train01290.jpg 1 electronicequipment 1049 57 1168 277 1030 78 1134 56 1177 259 1073 281
train01290.jpg 1 knife 1061 79 1113 189 1058 81 1090 74 1115 194 1083 201
train01290.jpg 1 pressure 1092 96 1219 335 1053 139 1121 89 1266 288 1197 338
train01290.jpg 1 lighter 956 134 1000 240 939 152 962 134 1028 221 1004 239
train01290.jpg 1 lighter 283 270 387 321 281 296 375 271 385 308 291 333
train01290.jpg 1 knife 118 316 163 397 110 324 147 310 175 387 138 400
train01290.jpg 1 OCbottle 0 0 0 0 699 540 847 498 861 545 712 588
train01290.jpg 1 battery 0 0 0 0 949 145 972 138 988 186 964 194
train01290.jpg 1 electronicequipment 0 0 0 0 61 427 228 411 241 541 73 558
