train00795.jpg 1 metalbottle 509 213 698 460 494 245 569 198 712 426 637 473
train00795.jpg 1 lighter 582 458 664 533 578 502 655 454 669 477 593 525
train00795.jpg 1 battery 263 538 431 609 259 560 418 532 428 585 268 613
train00795.jpg 1 electronicequipment 281 380 534 567 273 482 483 366 534 459 325 575
train00795.jpg 1 electronicequipment 453 341 670 451 447 371 663 333 677 416 461 454
train00795.jpg 1 knife 366 230 641 553 339 512 624 217 669 261 384 555
train00795.jpg 1 battery 430 498 580 567 429 538 569 493 580 525 439 570
train00795.jpg 1 metalbottle 199 308 435 522 192 407 374 298 448 421 266 530
train00795.jpg 1 OCbottle 413 401 615 533 401 454 593 387 625 480 433 546
train00795.jpg 1 OCbottle 550 380 761 513 545 440 740 377 766 457 571 521
train00795.jpg 1 electronicequipment 442 477 640 596 433 543 631 479 652 543 454 608
train00795.jpg 1 knife 537 330 608 452 575 330 608 342 570 452 537 440
train00795.jpg 1 battery 428 505 537 569 428 541 526 505 537 533 439 569
train00795.jpg 1 metalbottle 0 0 0 0 721 378 767 350 853 490 806 519
train00795.jpg 1 battery 0 0 0 0 209 227 223 181 241 186 225 233
train00795.jpg 1 battery 0 0 0 0 393 507 459 453 475 472 408 526
