train00776.jpg 1 knife 182 306 325 532 177 313 253 274 375 512 298 551
train00776.jpg 1 knife 63 356 244 414 63 356 244 356 244 414 63 414
train00776.jpg 1 OCbottle 61 197 201 477 98 197 201 211 164 477 61 462
train00776.jpg 1 lighter 133 230 184 339 151 230 182 233 171 340 140 336
train00776.jpg 1 lighter 65 400 105 440 68 400 162 426 154 453 61 427
train00776.jpg 1 electronicequipment 68 293 193 436 98 293 193 316 163 436 68 412
train00776.jpg 1 battery 204 163 262 214 204 192 248 163 262 185 219 214
train00776.jpg 1 umbrella 0 0 0 0 374 473 440 368 503 407 436 512
train00776.jpg 1 electronicequipment 0 0 0 0 482 307 524 294 556 398 513 412
train00776.jpg 1 lighter 0 0 0 0 24 460 31 456 57 501 49 506
