train00249.jpg 1 pressure 142 344 473 514 163 337 479 439 452 523 136 420
train00249.jpg 1 knife 192 352 421 566 201 352 433 546 409 575 177 380
train00249.jpg 1 OCbottle 127 418 354 568 147 410 359 479 329 570 118 501
train00249.jpg 1 lighter 135 418 252 474 159 410 261 447 249 480 148 443
train00249.jpg 1 lighter 98 424 193 500 173 423 192 448 109 511 89 486
train00249.jpg 1 electronicequipment 300 372 434 564 299 397 407 380 434 555 327 572
train00249.jpg 1 battery 157 504 239 554 165 504 239 526 231 554 157 533
train00249.jpg 1 battery 212 512 295 565 221 512 295 542 285 565 212 535
train00249.jpg 1 pressure 0 0 0 0 136 54 163 27 246 110 219 137
train00249.jpg 1 battery 0 0 0 0 249 500 249 500 249 500 249 500
train00249.jpg 1 lighter 0 0 0 0 241 557 246 556 252 604 247 605
