train01192.jpg 1 glassbottle 421 168 507 226 411 202 491 160 511 197 431 239
train01192.jpg 1 lighter 637 172 713 273 634 189 661 170 722 260 694 278
train01192.jpg 1 lighter 241 197 366 286 237 248 354 191 371 226 254 283
train01192.jpg 1 lighter 276 210 398 289 278 268 388 210 406 244 296 302
train01192.jpg 1 knife 219 328 681 513 215 427 644 254 684 355 256 528
train01192.jpg 1 pressure 359 151 593 315 359 261 540 157 571 211 391 315
train01192.jpg 1 electronicequipment 283 161 749 552 273 328 566 99 751 336 458 565
train01192.jpg 1 electronicequipment 981 143 1098 307 1022 134 1106 158 1061 316 977 292
train01192.jpg 1 electronicequipment 998 289 1119 491 982 365 1044 306 1171 437 1109 497
train01192.jpg 1 lighter 1044 396 1122 478 1054 394 1135 461 1109 492 1028 425
train01192.jpg 1 battery 347 248 378 308 353 248 378 251 372 308 347 305
train01192.jpg 1 glassbottle 0 0 0 0 479 170 515 151 551 216 514 236
train01192.jpg 1 plasticbottle 0 0 0 0 248 212 387 97 417 133 278 249
train01192.jpg 1 metalbottle 0 0 0 0 710 164 710 17 749 17 749 164
