train00089.jpg 1 metalbottle 613 193 843 432 633 192 831 210 811 433 613 415
train00089.jpg 1 metalbottle 665 470 855 570 661 485 849 468 857 561 669 578
train00089.jpg 1 knife 757 211 817 415 750 202 816 201 819 416 753 417
train00089.jpg 1 battery 654 157 881 251 664 147 875 216 861 260 650 191
train00089.jpg 1 pressure 795 157 898 535 813 159 894 162 881 533 800 530
train00089.jpg 1 knife 1121 297 1173 501 1105 301 1143 295 1175 499 1137 505
train00089.jpg 1 electronicequipment 698 145 890 187 698 142 886 145 885 179 697 176
train00089.jpg 1 lighter 700 168 810 206 698 174 807 161 811 199 702 212
train00089.jpg 1 electronicequipment 824 242 918 388 875 234 923 258 859 390 811 366
train00089.jpg 1 OCbottle 669 315 803 541 661 334 759 302 835 538 737 570
train00089.jpg 1 OCbottle 688 532 831 604 693 516 837 534 829 602 685 584
train00089.jpg 1 battery 883 276 919 359 888 276 919 278 914 359 883 357
train00089.jpg 1 battery 806 373 913 467 825 373 913 442 894 467 806 398
train00089.jpg 1 umbrella 0 0 0 0 603 74 603 74 602 74 602 74
train00089.jpg 1 glassbottle 0 0 0 0 94 446 128 414 183 472 147 505
train00089.jpg 1 battery 0 0 0 0 169 556 201 513 220 527 187 571
