train00425.jpg 1 battery 1071 99 1173 266 1129 91 1197 129 1117 274 1049 236
train00425.jpg 1 electronicequipment 1044 141 1196 361 1130 139 1246 199 1156 376 1039 316
train00425.jpg 1 electronicequipment 138 184 564 400 139 202 561 187 568 377 146 392
train00425.jpg 1 lighter 87 242 180 322 170 236 187 257 96 328 79 307
train00425.jpg 1 electronicequipment 71 251 195 374 186 240 208 263 94 370 72 346
train00425.jpg 1 lighter 179 266 281 324 193 274 301 312 292 337 184 300
train00425.jpg 1 knife 141 327 589 504 166 317 596 482 565 565 135 400
train00425.jpg 1 lighter 101 398 167 511 99 402 133 391 168 501 135 512
train00425.jpg 1 electronicequipment 149 312 288 480 176 306 289 328 260 482 146 460
train00425.jpg 1 OCbottle 178 369 391 568 342 350 410 431 217 593 149 512
train00425.jpg 1 OCbottle 73 331 205 527 52 360 158 321 225 503 118 542
train00425.jpg 1 OCbottle 236 488 442 585 236 489 441 493 439 586 235 583
train00425.jpg 1 knife 1087 363 1170 466 1081 387 1109 362 1181 445 1153 470
train00425.jpg 1 metalbottle 1026 386 1196 524 1052 381 1229 453 1198 530 1021 458
train00425.jpg 1 electronicequipment 1090 299 1197 550 1151 369 1254 413 1192 560 1089 516
train00425.jpg 1 metalbottle 224 241 370 401 226 238 372 243 367 403 221 398
train00425.jpg 1 knife 1083 153 1231 433 1083 173 1141 153 1231 413 1173 433
train00425.jpg 1 electronicequipment 970 217 1074 409 1043 217 1074 230 1001 409 970 397
train00425.jpg 1 OCbottle 977 381 1142 580 1059 381 1142 426 1060 580 977 536
train00425.jpg 1 battery 1054 316 1133 422 1096 316 1133 333 1091 422 1054 404
train00425.jpg 1 umbrella 0 0 0 0 770 38 770 38 770 35 770 35
train00425.jpg 1 pressure 0 0 0 0 249 348 285 331 330 425 294 443
train00425.jpg 1 battery 0 0 0 0 893 611 911 608 922 656 903 660
