train01309.jpg 1 pressure 229 213 509 388 225 312 485 212 515 290 255 390
train01309.jpg 1 electronicequipment 182 178 389 342 182 224 364 178 389 276 206 321
train01309.jpg 1 lighter 217 165 349 213 216 195 323 172 327 189 220 212
train01309.jpg 1 knife 203 193 402 308 205 285 390 183 405 210 220 313
train01309.jpg 1 lighter 291 103 386 222 332 145 356 161 303 240 279 223
train01309.jpg 1 lighter 205 191 324 251 251 208 347 182 354 208 258 233
train01309.jpg 1 lighter 195 231 325 280 208 248 292 238 294 258 211 269
train01309.jpg 1 battery 137 233 199 288 186 233 199 251 150 288 137 270
train01309.jpg 1 battery 187 221 214 289 187 223 203 221 214 287 198 289
train01309.jpg 1 umbrella 0 0 0 0 281 218 379 112 408 138 309 245
train01309.jpg 1 pressure 0 0 0 0 576 160 598 88 635 99 612 171
train01309.jpg 1 metalbottle 0 0 0 0 73 243 100 210 231 319 203 353
