train01017.jpg 1 OCbottle 231 56 467 276 277 33 471 195 402 278 208 115
train01017.jpg 1 OCbottle 209 243 516 442 203 345 484 220 528 320 248 445
train01017.jpg 1 OCbottle 84 228 329 410 70 366 282 223 334 300 122 443
train01017.jpg 1 knife 103 71 169 195 103 87 140 76 173 191 135 201
train01017.jpg 1 knife 34 180 389 302 44 166 394 260 381 309 31 215
train01017.jpg 1 umbrella 81 381 443 552 77 506 425 379 448 442 100 569
train01017.jpg 1 OCbottle 19 173 141 298 47 162 150 252 104 304 1 215
train01017.jpg 1 lighter 2 72 94 156 -10 131 66 75 85 101 7 157
train01017.jpg 1 lighter 44 56 132 162 113 49 136 67 71 153 47 136
train01017.jpg 1 battery 409 205 480 277 463 205 480 221 426 277 409 260
train01017.jpg 1 pressure 0 0 0 0 273 213 345 173 366 211 294 251
train01017.jpg 1 plasticbottle 0 0 0 0 179 250 242 219 314 362 250 394
train01017.jpg 1 battery 0 0 0 0 165 320 168 303 217 312 213 330
