train00277.jpg 1 pressure 200 114 377 327 190 155 254 107 389 285 325 334
train00277.jpg 1 umbrella 205 225 395 501 210 250 267 228 364 481 307 502
train00277.jpg 1 OCbottle 140 322 282 557 195 309 287 334 225 565 134 540
train00277.jpg 1 lighter 113 365 156 471 119 369 149 369 149 468 119 468
train00277.jpg 1 battery 87 144 195 348 105 148 185 153 171 347 92 341
train00277.jpg 1 glassbottle 118 303 207 457 115 311 204 309 206 452 118 454
train00277.jpg 1 metalbottle 1024 241 1196 454 1024 297 1075 239 1247 389 1197 447
train00277.jpg 1 electronicequipment 1063 269 1195 396 1082 263 1215 294 1191 397 1058 366
train00277.jpg 1 umbrella 0 0 0 0 274 322 316 322 316 440 274 440
train00277.jpg 1 metalbottle 0 0 0 0 694 489 716 447 859 521 836 564
train00277.jpg 1 electronicequipment 0 0 0 0 457 452 463 452 471 550 465 551
