train01479.jpg 1 knife 291 188 349 316 298 188 349 191 343 316 291 313
train01479.jpg 1 pressure 131 259 263 482 191 255 266 277 206 488 131 466
train01479.jpg 1 umbrella 92 180 204 474 136 183 211 196 162 473 87 459
train01479.jpg 1 electronicequipment 78 237 193 425 101 238 183 248 160 430 78 420
train01479.jpg 1 OCbottle 176 120 337 425 269 113 363 144 271 427 176 397
train01479.jpg 1 battery 117 120 262 249 116 212 198 108 261 157 179 261
train01479.jpg 1 metalbottle 212 277 420 477 312 254 426 315 330 495 216 434
train01479.jpg 1 umbrella 0 0 0 0 396 348 475 341 487 459 407 467
train01479.jpg 1 pressure 0 0 0 0 485 517 497 489 588 528 575 557
train01479.jpg 1 metalbottle 0 0 0 0 186 209 216 175 350 292 319 327
