train00267.jpg 1 electronicequipment 214 155 767 567 209 342 653 125 774 373 330 590
train00267.jpg 1 glassbottle 315 70 654 362 315 246 576 70 654 186 393 362
train00267.jpg 1 metalbottle 536 337 865 549 531 476 814 332 860 421 577 565
train00267.jpg 1 lighter 660 451 759 528 635 507 745 446 766 482 656 543
train00267.jpg 1 lighter 684 463 778 534 672 521 771 458 786 482 686 544
train00267.jpg 1 metalbottle 512 324 717 422 508 343 707 315 719 398 520 426
train00267.jpg 1 metalbottle 1062 331 1114 443 1071 320 1123 326 1110 456 1058 450
train00267.jpg 1 metalbottle 1098 262 1197 466 1122 212 1239 224 1213 475 1096 463
train00267.jpg 1 battery 1025 369 1146 480 1055 369 1146 406 1116 480 1025 443
train00267.jpg 1 OCbottle 117 312 228 407 143 312 228 364 202 407 117 355
train00267.jpg 1 battery 776 415 868 471 776 439 859 415 868 447 785 471
train00267.jpg 1 umbrella 0 0 0 0 131 535 248 511 256 546 138 571
train00267.jpg 1 pressure 0 0 0 0 156 354 234 354 234 393 156 393
train00267.jpg 1 glassbottle 0 0 0 0 145 326 145 326 145 326 145 326
