train00563.jpg 1 glassbottle 276 128 452 418 393 114 473 152 345 426 265 389
train00563.jpg 1 umbrella 238 159 535 313 229 266 520 148 549 220 258 337
train00563.jpg 1 electronicequipment 85 156 209 364 198 153 237 181 102 368 62 339
train00563.jpg 1 metalbottle 80 318 258 496 78 370 140 315 264 453 202 508
train00563.jpg 1 knife 81 339 213 441 61 401 195 320 223 366 89 447
train00563.jpg 1 OCbottle 173 127 323 379 218 107 352 141 288 397 154 363
train00563.jpg 1 lighter 246 197 296 317 238 204 269 195 304 309 273 319
train00563.jpg 1 umbrella 0 0 0 0 268 303 292 265 408 337 382 377
train00563.jpg 1 electronicequipment 0 0 0 0 225 232 227 227 325 269 322 276
train00563.jpg 1 lighter 0 0 0 0 356 423 364 422 366 470 357 471
