train00085.jpg 1 lighter 220 456 293 571 221 464 255 452 297 567 263 579
train00085.jpg 1 electronicequipment 256 180 693 560 473 131 699 283 489 594 263 442
train00085.jpg 1 knife 188 172 512 336 182 313 502 164 521 206 201 355
train00085.jpg 1 electronicequipment 860 201 982 310 885 201 985 208 978 305 878 298
train00085.jpg 1 lighter 142 342 232 413 136 373 216 344 230 381 150 410
train00085.jpg 1 lighter 218 364 294 442 216 387 240 363 300 422 275 447
train00085.jpg 1 knife 191 302 274 453 220 296 279 314 235 457 176 439
train00085.jpg 1 metalbottle 855 280 977 418 855 334 1000 303 1017 380 872 411
train00085.jpg 1 glassbottle 158 319 201 405 159 315 199 314 202 404 162 405
train00085.jpg 1 battery 118 253 157 320 118 259 137 253 157 314 138 320
train00085.jpg 1 OCbottle 0 0 0 0 768 73 800 38 938 162 906 198
train00085.jpg 1 metalbottle 0 0 0 0 905 97 905 97 905 97 905 97
train00085.jpg 1 battery 0 0 0 0 504 268 537 229 553 241 519 281
