train00466.jpg 1 lighter 454 393 581 450 452 424 577 390 584 418 459 451
train00466.jpg 1 lighter 245 366 364 435 256 389 385 389 385 420 256 420
train00466.jpg 1 battery 268 332 484 423 271 339 479 339 479 418 271 418
train00466.jpg 1 knife 142 199 431 294 141 263 421 188 432 226 151 301
train00466.jpg 1 electronicequipment 271 407 469 501 271 418 474 418 474 501 271 501
train00466.jpg 1 lighter 964 190 999 313 964 190 999 190 999 313 964 313
train00466.jpg 1 lighter 966 244 1008 352 966 250 996 250 996 352 966 352
train00466.jpg 1 pressure 289 241 567 364 297 242 577 291 564 361 285 312
train00466.jpg 1 umbrella 0 0 0 0 855 127 960 32 1006 83 901 178
train00466.jpg 1 battery 0 0 0 0 782 635 804 621 834 664 811 680
train00466.jpg 1 electronicequipment 0 0 0 0 617 85 706 71 719 150 629 165
