train00564.jpg 1 glassbottle 128 165 404 457 89 399 329 150 421 239 181 488
train00564.jpg 1 glassbottle 122 329 384 521 112 462 349 308 396 380 158 533
train00564.jpg 1 glassbottle 225 229 562 488 205 434 517 215 578 302 266 521
train00564.jpg 1 metalbottle 166 470 365 556 166 468 365 471 364 557 165 554
train00564.jpg 1 OCbottle 131 406 498 569 119 493 476 390 506 497 150 599
train00564.jpg 1 knife 110 165 146 401 107 165 143 164 148 400 112 401
train00564.jpg 1 OCbottle 94 144 245 475 94 155 217 144 245 464 122 475
train00564.jpg 1 pressure 0 0 0 0 271 101 280 64 355 82 345 120
train00564.jpg 1 OCbottle 0 0 0 0 164 81 168 23 316 36 311 95
train00564.jpg 1 battery 0 0 0 0 591 392 591 392 591 392 591 392
