train01197.jpg 1 knife 128 408 596 524 143 373 600 429 589 526 131 469
train01197.jpg 1 knife 126 437 337 595 179 411 367 533 301 636 112 514
train01197.jpg 1 electronicequipment 282 542 462 630 285 562 455 541 463 608 293 629
train01197.jpg 1 OCbottle 185 469 406 568 179 506 391 464 406 543 194 584
train01197.jpg 1 lighter 379 607 479 633 379 606 479 607 478 633 378 632
train01197.jpg 1 electronicequipment 102 427 305 581 98 528 247 416 296 482 148 594
train01197.jpg 1 lighter 315 619 451 655 346 626 447 632 446 656 345 651
train01197.jpg 1 OCbottle 0 0 0 0 427 558 493 412 535 430 468 577
train01197.jpg 1 metalbottle 0 0 0 0 42 559 60 524 199 592 181 628
train01197.jpg 1 lighter 0 0 0 0 610 333 615 331 639 378 634 381
