train00290.jpg 1 metalbottle 308 47 606 196 306 84 599 43 616 164 323 205
train00290.jpg 1 lighter 616 75 718 156 633 71 738 131 713 173 608 113
train00290.jpg 1 knife 565 363 720 485 548 459 695 344 730 388 583 503
train00290.jpg 1 battery 527 303 727 418 546 283 736 345 709 429 519 367
train00290.jpg 1 knife 406 35 672 321 389 53 461 -6 700 277 628 337
train00290.jpg 1 electronicequipment 650 156 746 358 646 157 742 154 749 356 653 359
train00290.jpg 1 electronicequipment 632 105 676 286 632 105 680 105 680 276 632 276
train00290.jpg 1 battery 665 210 701 287 665 210 701 210 701 287 665 287
train00290.jpg 1 battery 0 0 0 0 777 396 793 393 809 469 793 473
train00290.jpg 1 electronicequipment 0 0 0 0 307 283 351 183 365 188 319 289
train00290.jpg 1 electronicequipment 0 0 0 0 101 201 204 77 284 142 181 267
