train00225.jpg 1 umbrella 143 215 301 423 205 202 302 237 226 445 129 410
train00225.jpg 1 metalbottle 528 281 674 396 518 305 660 265 689 367 548 408
train00225.jpg 1 lighter 594 182 632 269 596 183 628 180 634 267 602 269
train00225.jpg 1 OCbottle 330 195 602 293 329 197 601 192 602 290 330 295
train00225.jpg 1 lighter 367 204 473 243 363 207 468 192 473 231 368 246
train00225.jpg 1 umbrella 171 267 522 372 167 309 505 261 516 338 178 386
train00225.jpg 1 OCbottle 233 326 471 566 389 326 471 404 314 566 233 488
train00225.jpg 1 electronicequipment 270 271 448 437 334 246 450 394 360 465 244 317
train00225.jpg 1 glassbottle 180 361 484 438 176 374 479 363 482 440 178 451
train00225.jpg 1 pressure 392 316 568 519 525 306 579 349 434 528 381 484
train00225.jpg 1 knife 150 232 419 496 150 431 357 232 419 296 213 496
train00225.jpg 1 umbrella 0 0 0 0 361 487 362 487 363 489 362 489
train00225.jpg 1 battery 0 0 0 0 483 373 502 364 537 434 517 444
train00225.jpg 1 lighter 0 0 0 0 571 453 577 453 577 501 571 501
