train00448.jpg 1 OCbottle 148 355 258 564 134 359 232 347 258 557 160 569
train00448.jpg 1 metalbottle 241 366 451 496 233 409 436 366 456 458 253 501
train00448.jpg 1 knife 339 333 483 523 450 360 477 383 362 520 335 497
train00448.jpg 1 electronicequipment 275 460 493 586 279 510 460 448 486 522 304 585
train00448.jpg 1 electronicequipment 281 516 511 616 276 544 496 513 506 586 286 617
train00448.jpg 1 knife 478 494 520 615 492 493 520 497 505 616 477 612
train00448.jpg 1 battery 332 525 414 574 332 549 406 525 414 550 340 574
train00448.jpg 1 pressure 0 0 0 0 7 543 25 510 93 546 74 580
train00448.jpg 1 battery 0 0 0 0 374 531 417 508 426 524 382 548
train00448.jpg 1 lighter 0 0 0 0 408 192 411 185 461 206 458 214
