train00920.jpg 1 knife 129 146 594 345 152 134 594 228 564 368 122 274
train00920.jpg 1 glassbottle 170 155 480 321 161 262 447 152 474 224 189 334
train00920.jpg 1 knife 153 230 447 385 148 365 440 217 454 245 163 393
train00920.jpg 1 lighter 179 323 278 416 166 385 258 323 279 355 187 417
train00920.jpg 1 pressure 209 445 609 566 224 449 607 496 599 558 217 511
train00920.jpg 1 knife 185 325 372 476 180 458 346 304 380 340 215 495
train00920.jpg 1 knife 993 372 1216 567 972 537 1216 366 1244 407 1001 578
train00920.jpg 1 pressure 0 0 0 0 976 322 1012 302 1053 374 1015 395
train00920.jpg 1 glassbottle 0 0 0 0 318 473 396 436 417 478 338 516
train00920.jpg 1 battery 0 0 0 0 424 203 451 161 467 170 439 213
