train00287.jpg 1 electronicequipment 296 95 794 396 291 108 791 91 801 387 301 404
train00287.jpg 1 knife 459 167 710 449 433 200 505 148 703 421 631 473
train00287.jpg 1 metalbottle 407 388 693 494 410 387 698 407 692 500 404 480
train00287.jpg 1 battery 518 16 757 131 545 24 752 39 748 100 541 85
train00287.jpg 1 knife 604 239 643 396 601 239 640 238 645 395 606 396
train00287.jpg 1 umbrella 919 184 1072 463 927 172 999 157 1064 459 992 475
train00287.jpg 1 knife 1018 88 1156 325 1139 89 1161 101 1032 344 1009 332
train00287.jpg 1 umbrella 0 0 0 0 120 47 176 35 203 151 147 165
train00287.jpg 1 glassbottle 0 0 0 0 40 371 99 326 125 358 65 404
train00287.jpg 1 plasticbottle 0 0 0 0 670 526 818 515 822 559 673 572
