train00739.jpg 1 metalbottle 161 311 389 579 296 284 404 347 259 597 151 535
train00739.jpg 1 knife 338 292 669 566 338 526 638 292 669 331 369 566
train00739.jpg 1 battery 114 380 337 478 124 376 323 404 312 484 112 456
train00739.jpg 1 lighter 147 246 272 290 145 255 269 246 272 280 148 289
train00739.jpg 1 electronicequipment 171 254 518 547 175 258 514 270 505 550 166 538
train00739.jpg 1 electronicequipment 784 275 967 552 812 275 967 291 940 552 784 536
train00739.jpg 1 battery 313 375 397 429 322 375 397 403 388 429 313 402
train00739.jpg 1 glassbottle 0 0 0 0 627 146 652 139 678 215 652 224
train00739.jpg 1 plasticbottle 0 0 0 0 546 365 589 219 658 239 614 386
train00739.jpg 1 electronicequipment 0 0 0 0 812 405 815 392 914 419 910 433
