train01281.jpg 1 metalbottle 371 358 514 538 360 383 439 345 519 509 440 548
train01281.jpg 1 OCbottle 134 356 421 518 151 345 441 445 406 547 116 448
train01281.jpg 1 glassbottle 205 502 444 606 213 494 448 523 436 620 201 591
train01281.jpg 1 electronicequipment 154 478 346 622 186 461 353 582 307 646 140 525
train01281.jpg 1 lighter 187 526 299 617 208 526 299 585 278 617 187 558
train01281.jpg 1 battery 432 428 496 485 447 428 496 448 481 485 432 465
train01281.jpg 1 battery 215 392 254 476 225 392 254 395 244 476 215 472
train01281.jpg 1 metalbottle 0 0 0 0 144 136 276 17 306 50 174 170
train01281.jpg 1 battery 0 0 0 0 370 661 370 661 370 661 370 661
train01281.jpg 1 electronicequipment 0 0 0 0 498 430 506 426 566 523 557 529
