train00234.jpg 1 umbrella 136 241 372 513 118 283 198 224 384 480 304 538
train00234.jpg 1 lighter 474 394 583 473 470 454 570 392 584 414 484 476
train00234.jpg 1 lighter 471 420 583 493 463 468 572 410 587 439 478 497
train00234.jpg 1 electronicequipment 75 274 204 488 65 306 142 275 214 453 137 484
train00234.jpg 1 knife 184 135 295 423 178 142 237 129 298 416 239 428
train00234.jpg 1 battery 174 387 328 540 237 372 350 468 282 549 169 453
train00234.jpg 1 knife 131 235 254 333 122 319 207 210 255 248 170 357
train00234.jpg 1 battery 199 410 240 485 199 417 218 410 240 479 221 485
train00234.jpg 1 pressure 0 0 0 0 74 402 114 334 148 353 107 423
train00234.jpg 1 plasticbottle 0 0 0 0 982 504 991 467 1137 504 1127 543
train00234.jpg 1 metalbottle 0 0 0 0 683 86 699 46 844 105 827 147
