train01025.jpg 1 knife 244 80 278 192 235 82 255 75 295 190 275 197
train01025.jpg 1 knife 199 28 257 229 191 32 217 25 266 221 240 228
train01025.jpg 1 knife 170 95 221 229 169 98 191 92 228 221 206 227
train01025.jpg 1 knife 138 15 182 228 134 19 158 16 187 224 163 227
train01025.jpg 1 knife 116 49 153 229 116 51 143 49 156 226 129 228
train01025.jpg 1 knife 87 115 116 229 85 116 105 113 123 225 103 228
train01025.jpg 1 knife 35 107 78 230 32 110 58 105 81 225 55 230
train01025.jpg 1 knife 8 97 42 228 8 100 29 98 42 225 21 227
train01025.jpg 1 umbrella 0 0 0 0 -5 184 39 70 83 86 38 201
train01025.jpg 1 battery 0 0 0 0 93 128 140 121 143 138 95 146
train01025.jpg 1 lighter 0 0 0 0 189 104 211 60 223 65 200 110
