train00750.jpg 1 pressure 394 192 674 518 409 264 474 213 679 476 614 526
train00750.jpg 1 OCbottle 287 133 419 359 287 147 389 133 419 344 317 359
train00750.jpg 1 metalbottle 351 324 513 430 376 315 522 368 494 443 349 390
train00750.jpg 1 electronicequipment 170 373 302 515 237 381 290 418 216 524 163 487
train00750.jpg 1 metalbottle 140 208 293 411 227 196 301 235 205 416 131 376
train00750.jpg 1 lighter 256 173 319 271 256 179 285 167 325 259 296 272
train00750.jpg 1 metalbottle 129 235 234 375 144 232 243 246 225 377 126 363
train00750.jpg 1 battery 263 306 306 384 263 313 284 306 306 377 286 384
train00750.jpg 1 battery 204 285 234 357 208 285 234 286 230 357 204 356
train00750.jpg 1 umbrella 0 0 0 0 805 387 835 365 916 474 885 496
train00750.jpg 1 umbrella 0 0 0 0 794 523 831 501 903 616 866 639
train00750.jpg 1 electronicequipment 0 0 0 0 756 369 800 179 858 192 814 383
