train01013.jpg 1 electronicequipment 110 184 688 631 122 439 454 118 681 353 349 674
train01013.jpg 1 knife 99 344 312 376 98 345 311 342 312 374 99 377
train01013.jpg 1 lighter 510 168 620 241 528 159 622 215 603 247 509 191
train01013.jpg 1 electronicequipment 285 438 467 631 397 439 476 518 351 644 271 564
train01013.jpg 1 OCbottle 61 335 194 498 61 369 140 335 194 464 115 498
train01013.jpg 1 battery 451 323 559 382 451 339 552 323 559 366 458 382
train01013.jpg 1 battery 555 299 661 358 555 321 653 299 661 336 563 358
train01013.jpg 1 glassbottle 0 0 0 0 47 177 122 171 128 229 51 236
train01013.jpg 1 metalbottle 0 0 0 0 753 542 887 428 918 463 783 579
train01013.jpg 1 battery 0 0 0 0 920 77 967 70 970 87 922 96
