train01054.jpg 1 electronicequipment 118 284 179 487 111 288 151 281 188 488 147 495
train01054.jpg 1 OCbottle 158 298 282 472 158 324 228 298 282 446 212 472
train01054.jpg 1 knife 165 286 293 562 269 272 311 292 181 571 139 552
train01054.jpg 1 metalbottle 254 323 486 596 247 350 445 315 491 575 292 610
train01054.jpg 1 electronicequipment 917 216 1047 398 918 237 1015 220 1042 372 945 389
train01054.jpg 1 lighter 931 363 978 483 933 385 961 380 979 479 950 484
train01054.jpg 1 lighter 140 237 166 331 144 236 170 238 161 331 135 329
train01054.jpg 1 electronicequipment 148 264 200 409 148 264 200 264 200 409 148 409
train01054.jpg 1 battery 940 270 1060 461 934 278 1027 262 1060 451 968 468
train01054.jpg 1 lighter 1017 452 1069 559 1018 473 1052 464 1077 557 1043 566
train01054.jpg 1 pressure 0 0 0 0 303 339 395 304 407 333 315 370
train01054.jpg 1 metalbottle 0 0 0 0 912 51 946 29 1032 165 997 187
train01054.jpg 1 electronicequipment 0 0 0 0 532 334 542 304 712 355 702 387
