train00302.jpg 1 umbrella 211 303 553 489 227 294 569 393 539 498 197 399
train00302.jpg 1 lighter 372 304 490 363 370 332 483 304 492 337 378 365
train00302.jpg 1 metalbottle 243 514 408 648 275 500 417 575 372 660 230 584
train00302.jpg 1 metalbottle 118 465 280 578 119 509 257 453 290 535 152 590
train00302.jpg 1 knife 408 598 475 697 454 597 486 614 435 710 403 693
train00302.jpg 1 metalbottle 228 574 422 690 259 561 426 650 394 711 226 623
train00302.jpg 1 electronicequipment 167 488 389 674 267 457 375 659 281 709 173 506
train00302.jpg 1 lighter 307 350 424 401 315 342 422 382 411 412 304 373
train00302.jpg 1 battery 174 579 239 633 184 579 239 619 229 633 174 593
train00302.jpg 1 battery 88 506 146 549 97 506 146 534 137 549 88 521
train00302.jpg 1 pressure 0 0 0 0 595 24 673 20 675 58 596 63
train00302.jpg 1 plasticbottle 0 0 0 0 673 425 708 394 832 531 796 563
train00302.jpg 1 metalbottle 0 0 0 0 759 541 779 506 919 586 898 622
