train00363.jpg 1 knife 276 183 465 273 271 222 456 179 472 248 287 290
train00363.jpg 1 electronicequipment 237 346 428 499 269 341 421 439 385 495 233 397
train00363.jpg 1 OCbottle 192 238 342 510 241 238 342 258 293 510 192 490
train00363.jpg 1 knife 272 205 526 294 270 218 524 209 527 289 273 298
train00363.jpg 1 electronicequipment 315 297 442 467 348 308 419 304 427 447 355 450
train00363.jpg 1 battery 307 145 346 224 324 145 346 150 329 224 307 219
train00363.jpg 1 battery 239 214 302 298 276 214 302 228 265 298 239 284
train00363.jpg 1 battery 979 355 1022 429 979 362 1004 355 1022 423 997 429
train00363.jpg 1 umbrella 0 0 0 0 700 380 700 380 700 378 700 378
train00363.jpg 1 metalbottle 0 0 0 0 352 206 352 206 352 206 352 206
train00363.jpg 1 lighter 0 0 0 0 434 299 440 296 466 344 459 348
