train01370.jpg 1 metalbottle 251 205 430 359 245 303 384 194 434 257 294 366
train01370.jpg 1 pressure 345 209 617 331 340 276 605 205 622 272 358 343
train01370.jpg 1 battery 174 405 389 604 184 468 245 405 385 540 324 603
train01370.jpg 1 electronicequipment 225 510 440 614 222 516 422 509 425 603 225 610
train01370.jpg 1 metalbottle 366 492 520 621 366 568 487 492 520 545 399 621
train01370.jpg 1 battery 233 594 308 639 241 594 308 621 300 639 233 612
train01370.jpg 1 battery 348 561 424 623 348 603 410 561 424 581 362 623
train01370.jpg 1 OCbottle 53 402 262 568 93 402 262 484 222 568 53 486
train01370.jpg 1 OCbottle 129 313 330 435 129 379 310 313 330 369 149 435
train01370.jpg 1 umbrella 0 0 0 0 52 159 58 121 178 143 171 182
train01370.jpg 1 pressure 0 0 0 0 736 260 742 230 836 251 829 282
train01370.jpg 1 battery 0 0 0 0 917 206 961 182 971 199 926 224
