train01265.jpg 1 umbrella 125 370 376 580 173 346 381 540 323 601 115 408
train01265.jpg 1 glassbottle 146 239 320 487 113 267 193 220 334 454 254 502
train01265.jpg 1 knife 327 204 655 536 302 505 597 155 676 221 381 572
train01265.jpg 1 knife 350 218 674 553 570 151 671 224 424 563 324 490
train01265.jpg 1 electronicequipment 1001 152 1143 354 1067 127 1148 152 1077 384 996 359
train01265.jpg 1 metalbottle 1030 156 1181 429 1150 160 1229 198 1108 446 1029 408
train01265.jpg 1 battery 160 162 329 341 164 200 238 150 330 287 256 337
train01265.jpg 1 umbrella 409 190 524 520 445 193 536 209 480 526 389 510
train01265.jpg 1 OCbottle 989 335 1158 607 1076 317 1185 352 1098 620 989 584
train01265.jpg 1 electronicequipment 1031 180 1175 302 1166 189 1175 278 1049 291 1040 202
train01265.jpg 1 lighter 120 324 149 433 119 324 148 323 149 432 120 433
train01265.jpg 1 OCbottle 168 485 394 584 169 488 392 481 395 580 172 588
train01265.jpg 1 battery 105 354 128 412 105 355 125 354 128 412 107 412
train01265.jpg 1 lighter 129 314 168 414 129 315 163 314 168 412 134 414
train01265.jpg 1 lighter 100 324 135 445 100 325 131 324 135 444 104 445
train01265.jpg 1 battery 997 410 1045 485 1025 410 1045 418 1016 485 997 477
train01265.jpg 1 umbrella 0 0 0 0 372 55 490 8 509 55 391 103
train01265.jpg 1 OCbottle 0 0 0 0 262 51 300 50 309 197 270 200
train01265.jpg 1 battery 0 0 0 0 287 352 287 352 287 352 287 352
