train00400.jpg 1 knife 89 127 145 419 120 127 148 131 113 419 85 416
train00400.jpg 1 battery 139 110 282 305 132 121 213 92 281 279 200 308
train00400.jpg 1 metalbottle 110 196 327 471 244 187 330 235 194 479 108 432
train00400.jpg 1 electronicequipment 185 283 315 436 180 316 245 275 324 401 259 442
train00400.jpg 1 electronicequipment 344 182 473 403 344 203 460 195 474 397 359 405
train00400.jpg 1 electronicequipment 262 289 403 458 253 313 326 276 405 430 332 467
train00400.jpg 1 electronicequipment 192 316 360 469 178 416 300 286 373 355 252 485
train00400.jpg 1 lighter 330 84 413 187 325 95 340 82 420 174 405 187
train00400.jpg 1 electronicequipment 213 73 382 231 224 126 291 77 377 195 310 244
train00400.jpg 1 electronicequipment 716 265 762 383 723 271 778 280 759 385 705 375
train00400.jpg 1 pressure 127 126 238 313 176 111 249 135 189 319 116 296
train00400.jpg 1 battery 310 231 356 312 310 237 338 231 356 305 327 312
train00400.jpg 1 electronicequipment 269 276 355 405 269 292 320 276 355 389 304 405
train00400.jpg 1 lighter 716 407 781 501 749 407 781 420 749 501 716 488
train00400.jpg 1 umbrella 0 0 0 0 564 412 564 412 564 412 564 412
train00400.jpg 1 battery 0 0 0 0 596 453 596 453 596 453 596 453
train00400.jpg 1 lighter 0 0 0 0 83 338 102 330 121 373 101 382
