train01202.jpg 1 lighter 258 179 358 268 279 173 363 249 343 271 259 195
train01202.jpg 1 lighter 341 271 459 358 339 336 442 266 464 298 360 368
train01202.jpg 1 OCbottle 277 235 609 401 309 228 617 341 584 431 276 319
train01202.jpg 1 glassbottle 234 383 331 478 218 426 279 367 342 433 281 492
train01202.jpg 1 OCbottle 280 376 454 438 278 380 454 371 457 428 281 437
train01202.jpg 1 OCbottle 171 166 331 383 144 196 236 147 344 350 252 400
train01202.jpg 1 OCbottle 98 215 213 459 86 235 181 213 235 449 140 471
train01202.jpg 1 knife 167 261 247 463 160 265 180 257 259 452 238 460
train01202.jpg 1 knife 1015 345 1179 622 1005 357 1035 341 1185 612 1156 629
train01202.jpg 1 battery 1060 375 1197 568 1059 400 1129 358 1229 525 1159 567
train01202.jpg 1 lighter 1136 146 1196 206 1130 176 1196 148 1210 181 1144 209
train01202.jpg 1 knife 292 105 500 198 291 143 490 94 504 151 306 201
train01202.jpg 1 electronicequipment 1071 236 1192 359 1095 238 1217 274 1194 355 1071 320
train01202.jpg 1 battery 1032 205 1163 292 1032 226 1151 205 1163 271 1043 292
train01202.jpg 1 battery 1020 290 1049 363 1024 290 1049 292 1045 363 1020 361
train01202.jpg 1 battery 88 185 124 238 106 185 124 192 107 238 88 231
train01202.jpg 1 battery 205 124 284 164 205 138 280 124 284 150 209 164
train01202.jpg 1 pressure 0 0 0 0 68 42 95 10 162 65 134 98
train01202.jpg 1 OCbottle 0 0 0 0 736 422 753 376 899 430 882 477
train01202.jpg 1 lighter 0 0 0 0 387 37 389 33 437 53 434 59
