train00968.jpg 1 OCbottle 100 421 356 532 95 450 351 419 360 492 104 524
train00968.jpg 1 umbrella 169 230 502 457 145 374 466 211 514 306 193 469
train00968.jpg 1 metalbottle 309 393 501 509 326 393 501 434 484 509 309 468
train00968.jpg 1 pressure 183 497 470 571 181 509 460 500 463 563 184 572
train00968.jpg 1 battery 408 493 592 602 426 519 541 497 556 579 441 601
train00968.jpg 1 metalbottle 547 424 634 552 786 380 901 451 852 529 737 458
train00968.jpg 1 battery 758 483 831 506 759 483 831 486 830 506 758 503
train00968.jpg 1 OCbottle 411 243 635 551 411 289 501 243 635 505 545 551
train00968.jpg 1 battery 454 573 565 607 455 573 565 574 564 607 454 606
train00968.jpg 1 battery 433 603 499 636 433 618 494 603 499 621 438 636
train00968.jpg 1 battery 350 614 414 636 350 617 413 614 414 633 351 636
train00968.jpg 1 OCbottle 214 528 418 613 215 528 418 531 417 613 214 610
train00968.jpg 1 electronicequipment 294 455 466 548 294 455 466 455 466 548 294 548
train00968.jpg 1 umbrella 0 0 0 0 602 423 720 423 720 487 602 487
train00968.jpg 1 electronicequipment 0 0 0 0 531 157 531 157 531 157 531 157
train00968.jpg 1 lighter 0 0 0 0 354 54 367 45 405 95 391 106
