train01429.jpg 1 knife 383 123 846 298 389 122 860 223 849 278 377 178
train01429.jpg 1 electronicequipment 295 111 789 474 426 87 775 257 649 514 301 343
train01429.jpg 1 pressure 420 159 735 371 425 301 707 151 748 228 466 378
train01429.jpg 1 metalbottle 649 225 831 389 695 211 840 342 782 406 637 275
train01429.jpg 1 metalbottle 801 150 1037 385 782 205 869 132 1038 334 951 407
train01429.jpg 1 metalbottle 685 292 1012 482 716 269 1033 360 993 501 676 410
train01429.jpg 1 electronicequipment 618 235 775 410 610 263 716 220 779 375 672 418
train01429.jpg 1 lighter 726 136 795 240 721 148 758 131 804 233 766 249
train01429.jpg 1 OCbottle 254 158 532 272 256 152 533 172 525 277 248 258
train01429.jpg 1 lighter 752 186 849 218 751 187 848 184 849 216 752 219
train01429.jpg 1 metalbottle 827 238 1029 456 871 238 1029 278 985 456 827 416
train01429.jpg 1 electronicequipment 777 319 967 424 780 319 967 325 964 424 777 418
train01429.jpg 1 umbrella 0 0 0 0 839 155 948 53 984 90 875 194
train01429.jpg 1 electronicequipment 0 0 0 0 595 427 613 397 699 449 680 480
train01429.jpg 1 electronicequipment 0 0 0 0 701 533 869 497 891 595 722 632
