train00551.jpg 1 lighter 383 127 471 255 371 143 406 121 479 237 444 260
train00551.jpg 1 lighter 411 128 497 238 405 137 430 121 498 230 473 246
train00551.jpg 1 knife 150 217 479 373 172 232 491 336 476 385 156 281
train00551.jpg 1 pressure 200 130 314 528 233 126 321 136 279 531 191 522
train00551.jpg 1 battery 174 330 321 492 152 387 235 312 349 437 265 513
train00551.jpg 1 electronicequipment 117 370 255 525 106 376 155 348 250 513 201 541
train00551.jpg 1 lighter 999 349 1030 429 990 351 1021 349 1027 429 996 431
train00551.jpg 1 lighter 1005 410 1046 504 1001 411 1042 408 1049 502 1008 505
train00551.jpg 1 battery 971 265 999 327 971 267 994 265 999 326 975 327
train00551.jpg 1 battery 246 354 299 461 246 360 278 354 299 454 268 461
train00551.jpg 1 pressure 0 0 0 0 571 628 596 589 668 634 642 674
train00551.jpg 1 plasticbottle 0 0 0 0 423 370 566 289 595 338 451 421
train00551.jpg 1 electronicequipment 0 0 0 0 634 277 652 179 663 180 644 279
