train01145.jpg 1 pressure 279 465 637 581 274 513 624 463 634 536 284 585
train01145.jpg 1 knife 212 483 554 572 213 551 552 466 560 499 221 583
train01145.jpg 1 electronicequipment 618 570 792 610 618 573 792 573 792 610 618 610
train01145.jpg 1 OCbottle 258 511 538 621 251 555 527 516 540 604 264 642
train01145.jpg 1 OCbottle 420 376 763 493 433 369 765 416 752 509 420 462
train01145.jpg 1 metalbottle 175 171 439 475 261 173 444 240 349 501 166 434
train01145.jpg 1 electronicequipment 375 253 788 514 370 260 783 245 792 506 379 521
train01145.jpg 1 metalbottle 818 303 944 580 809 317 920 305 948 568 836 579
train01145.jpg 1 metalbottle 913 306 1057 526 909 308 1053 303 1060 523 916 528
train01145.jpg 1 umbrella 0 0 0 0 609 254 610 210 729 213 727 258
train01145.jpg 1 metalbottle 0 0 0 0 618 259 674 242 720 388 663 406
train01145.jpg 1 battery 0 0 0 0 734 610 735 610 735 612 734 612
