train00883.jpg 1 lighter 577 117 593 233 591 168 607 170 599 234 583 232
train00883.jpg 1 lighter 288 104 417 158 291 112 360 128 354 152 285 136
train00883.jpg 1 knife 189 119 331 202 202 109 337 158 319 207 184 158
train00883.jpg 1 knife 105 114 441 227 106 207 435 106 443 132 114 232
train00883.jpg 1 glassbottle 115 146 204 243 115 150 201 145 206 242 120 246
train00883.jpg 1 electronicequipment 232 141 426 225 234 171 418 139 427 193 244 225
train00883.jpg 1 OCbottle 199 192 330 274 194 202 327 195 331 272 198 279
train00883.jpg 1 OCbottle 290 88 401 132 290 98 398 88 401 122 293 132
train00883.jpg 1 plasticbottle 0 0 0 0 356 221 408 73 459 90 406 239
train00883.jpg 1 metalbottle 0 0 0 0 181 118 325 56 345 101 200 164
train00883.jpg 1 battery 0 0 0 0 445 302 461 297 477 343 459 349
