train00887.jpg 1 metalbottle 280 187 475 334 317 174 483 273 440 345 274 245
train00887.jpg 1 umbrella 303 99 589 351 363 98 599 268 537 353 302 182
train00887.jpg 1 electronicequipment 447 94 609 337 418 175 492 101 639 248 565 322
train00887.jpg 1 knife 466 238 601 306 473 232 601 266 591 306 462 272
train00887.jpg 1 lighter 376 181 490 243 403 175 489 242 467 270 381 203
train00887.jpg 1 metalbottle 216 204 475 427 286 170 506 323 404 469 184 315
train00887.jpg 1 battery 536 174 625 280 536 195 562 175 635 267 608 288
train00887.jpg 1 umbrella 0 0 0 0 398 468 412 438 526 494 511 525
train00887.jpg 1 glassbottle 0 0 0 0 281 576 305 575 307 653 283 654
train00887.jpg 1 metalbottle 0 0 0 0 331 185 340 37 379 38 369 187
