train00925.jpg 1 lighter 170 127 206 235 170 127 206 127 206 235 170 235
train00925.jpg 1 lighter 217 124 291 229 215 134 242 122 283 213 256 225
train00925.jpg 1 electronicequipment 550 147 747 351 674 144 748 206 617 362 543 300
train00925.jpg 1 pressure 333 124 624 234 331 142 626 117 634 209 339 235
train00925.jpg 1 knife 179 180 495 296 236 189 504 261 493 302 225 230
train00925.jpg 1 electronicequipment 1067 359 1170 575 1063 376 1175 356 1211 560 1099 580
train00925.jpg 1 battery 191 365 232 454 201 361 239 364 232 453 193 449
train00925.jpg 1 battery 325 186 382 246 325 201 342 186 382 231 366 246
train00925.jpg 1 battery 1075 551 1159 588 1075 563 1155 551 1159 576 1079 588
train00925.jpg 1 battery 1101 591 1166 663 1101 606 1120 591 1166 648 1147 663
train00925.jpg 1 umbrella 0 0 0 0 890 229 897 111 940 113 932 231
train00925.jpg 1 OCbottle 0 0 0 0 711 373 847 237 892 282 755 418
train00925.jpg 1 electronicequipment 0 0 0 0 423 127 464 114 526 303 484 317
