train00615.jpg 1 knife 224 335 264 459 229 334 263 335 261 456 227 456
train00615.jpg 1 metalbottle 292 170 401 349 287 185 365 168 402 342 324 359
train00615.jpg 1 electronicequipment 98 95 562 549 110 210 438 91 571 455 242 574
train00615.jpg 1 lighter 303 431 344 508 299 423 329 415 355 511 325 519
train00615.jpg 1 OCbottle 193 153 308 390 189 162 273 147 313 371 229 386
train00615.jpg 1 lighter 183 426 237 515 187 447 206 441 227 513 208 518
train00615.jpg 1 battery 111 208 140 256 111 213 126 208 140 251 125 256
train00615.jpg 1 battery 212 449 223 495 212 450 223 449 223 495 213 495
train00615.jpg 1 umbrella 0 0 0 0 681 193 695 165 808 222 792 251
train00615.jpg 1 glassbottle 0 0 0 0 844 573 844 573 844 573 844 573
train00615.jpg 1 metalbottle 0 0 0 0 145 605 160 457 199 460 182 609
