train01122.jpg 1 pressure 341 239 693 498 375 232 663 413 622 479 334 298
train01122.jpg 1 knife 579 276 623 375 587 279 621 282 614 371 580 368
train01122.jpg 1 OCbottle 114 296 320 636 90 320 177 281 320 604 233 643
train01122.jpg 1 OCbottle 234 584 529 697 232 641 506 567 530 658 256 732
train01122.jpg 1 electronicequipment 150 507 340 658 146 560 309 504 343 603 180 659
train01122.jpg 1 lighter 122 418 242 496 119 475 220 412 241 447 140 510
train01122.jpg 1 OCbottle 135 186 352 316 137 236 338 189 354 258 153 305
train01122.jpg 1 pressure 0 0 0 0 975 510 984 480 1076 509 1066 540
train01122.jpg 1 glassbottle 0 0 0 0 241 316 276 251 313 270 277 337
train01122.jpg 1 metalbottle 0 0 0 0 223 270 361 181 385 217 245 306
