train00220.jpg 1 knife 256 261 417 538 365 299 395 313 281 548 251 533
train00220.jpg 1 lighter 295 131 345 234 312 133 347 140 327 240 292 233
train00220.jpg 1 lighter 241 171 353 208 240 174 334 177 333 205 239 201
train00220.jpg 1 electronicequipment 200 230 412 367 230 226 404 304 374 372 199 294
train00220.jpg 1 lighter 196 333 253 423 226 352 246 362 210 426 191 415
train00220.jpg 1 pressure 298 396 384 551 336 393 387 409 336 566 285 550
train00220.jpg 1 OCbottle 146 310 286 514 204 310 286 336 228 514 146 487
train00220.jpg 1 OCbottle 226 125 366 333 292 125 366 152 300 333 226 306
train00220.jpg 1 battery 241 214 297 282 276 214 297 227 262 282 241 269
train00220.jpg 1 glassbottle 0 0 0 0 470 300 474 260 550 268 545 310
train00220.jpg 1 electronicequipment 0 0 0 0 110 472 203 441 218 486 124 517
train00220.jpg 1 lighter 0 0 0 0 380 676 413 633 422 639 387 683
