train00554.jpg 1 OCbottle 171 124 543 258 173 129 541 142 537 253 169 240
train00554.jpg 1 OCbottle 106 121 274 394 97 142 199 107 292 377 190 411
train00554.jpg 1 glassbottle 89 380 441 498 92 382 441 382 441 494 92 494
train00554.jpg 1 glassbottle 181 209 572 338 192 209 570 242 561 351 183 318
train00554.jpg 1 glassbottle 83 232 200 386 70 251 140 218 209 367 139 400
train00554.jpg 1 knife 196 330 243 416 189 333 232 327 245 417 202 423
train00554.jpg 1 lighter 715 387 827 471 712 440 808 378 828 408 732 470
train00554.jpg 1 electronicequipment 752 276 896 466 775 270 895 283 875 471 755 459
train00554.jpg 1 knife 716 191 762 291 715 191 766 190 767 292 716 293
train00554.jpg 1 lighter 762 66 802 178 763 66 800 65 803 176 767 177
train00554.jpg 1 knife 731 69 798 356 755 64 815 72 780 358 720 351
train00554.jpg 1 battery 694 418 725 482 694 421 716 418 725 479 703 482
train00554.jpg 1 knife 201 186 407 334 201 310 391 186 407 211 217 334
train00554.jpg 1 umbrella 0 0 0 0 310 451 330 415 449 481 428 518
train00554.jpg 1 umbrella 0 0 0 0 766 147 789 114 899 192 874 227
train00554.jpg 1 metalbottle 0 0 0 0 98 439 127 407 256 522 226 555
