train01125.jpg 1 metalbottle 158 229 449 310 155 232 446 232 446 306 155 306
train01125.jpg 1 electronicequipment 132 226 688 564 123 240 678 211 696 549 141 578
train01125.jpg 1 knife 368 275 549 329 368 278 547 282 546 329 367 326
train01125.jpg 1 electronicequipment 1070 162 1144 355 1068 174 1129 173 1132 354 1071 355
train01125.jpg 1 battery 1024 345 1100 462 1025 351 1102 356 1097 466 1020 462
train01125.jpg 1 metalbottle 1074 259 1163 525 1125 236 1213 252 1167 514 1079 498
train01125.jpg 1 battery 1052 354 1093 402 1053 354 1093 355 1092 402 1052 401
train01125.jpg 1 battery 316 414 358 452 325 414 358 425 348 452 316 441
train01125.jpg 1 umbrella 0 0 0 0 952 170 1052 92 1097 149 997 228
train01125.jpg 1 metalbottle 0 0 0 0 320 182 340 145 482 224 461 262
train01125.jpg 1 electronicequipment 0 0 0 0 328 298 426 107 457 122 358 314
