train00628.jpg 1 knife 111 246 366 275 110 248 365 243 366 272 111 277
train00628.jpg 1 knife 119 205 347 262 117 231 347 199 352 231 122 264
train00628.jpg 1 knife 113 156 320 228 115 213 323 153 330 179 122 239
train00628.jpg 1 knife 85 148 364 191 83 151 364 160 363 187 82 178
train00628.jpg 1 knife 4 135 368 169 1 138 367 138 367 168 1 168
train00628.jpg 1 knife 116 64 336 154 113 135 333 59 346 97 126 172
train00628.jpg 1 knife 56 77 368 115 57 83 367 83 367 115 57 115
train00628.jpg 1 knife 104 57 367 89 103 65 366 55 367 76 104 86
train00628.jpg 1 knife 2 9 367 81 -3 39 370 0 374 43 1 82
train00628.jpg 1 knife 99 10 358 51 96 14 357 5 358 40 97 49
train00628.jpg 1 pressure 0 0 0 0 159 95 177 23 214 32 196 105
train00628.jpg 1 metalbottle 0 0 0 0 207 291 218 144 257 146 245 295
train00628.jpg 1 electronicequipment 0 0 0 0 113 155 250 66 293 131 156 222
