train00241.jpg 1 electronicequipment 384 103 524 294 423 86 537 115 492 294 378 265
train00241.jpg 1 lighter 514 225 604 342 569 215 612 237 554 346 511 324
train00241.jpg 1 pressure 217 354 617 442 214 361 615 347 618 434 217 448
train00241.jpg 1 electronicequipment 719 144 862 297 731 218 864 154 886 198 753 262
train00241.jpg 1 pressure 783 296 862 424 766 361 870 292 922 369 818 438
train00241.jpg 1 knife 406 313 653 406 388 309 655 309 655 375 388 375
train00241.jpg 1 battery 716 247 804 323 716 291 782 247 804 279 738 323
train00241.jpg 1 umbrella 0 0 0 0 267 215 312 199 355 312 310 330
train00241.jpg 1 pressure 0 0 0 0 569 519 605 510 625 586 587 596
train00241.jpg 1 electronicequipment 0 0 0 0 30 163 182 88 211 145 57 220
