train00421.jpg 1 metalbottle 90 184 464 307 88 197 469 184 473 292 91 305
train00421.jpg 1 pressure 136 286 463 409 142 289 471 347 459 417 130 359
train00421.jpg 1 electronicequipment 173 317 649 486 162 364 634 281 660 432 188 515
train00421.jpg 1 battery 540 121 706 271 554 130 707 135 702 268 549 263
train00421.jpg 1 battery 905 313 1007 408 905 314 1001 317 998 388 902 385
train00421.jpg 1 lighter 435 152 568 196 432 156 558 147 561 184 435 193
train00421.jpg 1 lighter 369 368 491 402 368 370 490 365 491 399 369 404
train00421.jpg 1 umbrella 0 0 0 0 521 413 555 396 613 507 579 525
train00421.jpg 1 glassbottle 0 0 0 0 635 126 713 126 713 174 635 174
train00421.jpg 1 plasticbottle 0 0 0 0 43 194 82 47 178 73 138 220
