train00443.jpg 1 knife 301 142 459 391 286 152 316 134 465 383 436 401
train00443.jpg 1 pressure 297 177 421 454 288 166 370 150 427 446 345 462
train00443.jpg 1 OCbottle 416 241 644 355 429 236 644 270 629 363 414 329
train00443.jpg 1 lighter 491 282 580 359 490 284 580 329 566 356 477 310
train00443.jpg 1 lighter 469 114 556 195 459 122 478 102 563 184 544 204
train00443.jpg 1 OCbottle 898 244 975 374 912 236 984 250 956 393 885 379
train00443.jpg 1 lighter 404 84 494 167 435 125 456 103 537 181 516 203
train00443.jpg 1 electronicequipment 423 197 637 366 466 185 655 298 606 379 418 266
train00443.jpg 1 battery 443 94 529 172 443 121 464 94 529 145 508 172
train00443.jpg 1 battery 549 182 624 257 549 201 569 182 624 237 605 257
train00443.jpg 1 battery 913 185 964 249 940 185 964 198 937 249 913 236
train00443.jpg 1 umbrella 0 0 0 0 34 269 101 218 177 316 108 368
train00443.jpg 1 electronicequipment 0 0 0 0 377 133 403 100 481 161 455 195
train00443.jpg 1 lighter 0 0 0 0 776 525 783 521 811 570 803 575
