train01058.jpg 1 lighter 954 553 1035 617 949 584 1023 550 1036 577 962 612
train01058.jpg 1 knife 1010 587 1146 644 1014 588 1142 612 1135 644 1007 619
train01058.jpg 1 knife 101 119 554 344 119 119 560 213 534 337 92 244
train01058.jpg 1 glassbottle 141 145 437 300 137 245 425 117 456 188 168 316
train01058.jpg 1 lighter 153 322 210 420 175 314 219 325 195 424 150 413
train01058.jpg 1 knife 133 204 441 357 124 328 434 191 449 225 139 363
train01058.jpg 1 knife 985 602 1201 650 994 589 1204 619 1200 648 990 619
train01058.jpg 1 knife 153 434 186 534 139 441 170 431 199 526 168 536
train01058.jpg 1 knife 145 246 423 411 153 384 417 244 435 276 170 417
train01058.jpg 1 pressure 0 0 0 0 644 108 681 101 698 177 659 185
train01058.jpg 1 metalbottle 0 0 0 0 318 210 394 69 433 89 355 231
train01058.jpg 1 lighter 0 0 0 0 393 285 441 285 441 295 393 295
