train01191.jpg 1 metalbottle 242 152 477 403 297 138 487 186 428 422 238 374
train01191.jpg 1 lighter 333 227 419 331 337 240 357 227 399 290 379 303
train01191.jpg 1 umbrella 486 183 816 263 485 193 810 182 812 241 487 252
train01191.jpg 1 knife 309 89 418 170 297 139 405 86 423 124 315 177
train01191.jpg 1 battery 388 168 548 296 418 210 510 169 544 246 452 287
train01191.jpg 1 electronicequipment 455 186 607 423 438 203 534 172 606 395 510 426
train01191.jpg 1 lighter 372 122 484 203 369 184 447 135 460 155 382 204
train01191.jpg 1 metalbottle 450 251 636 352 445 305 624 247 640 297 461 355
train01191.jpg 1 battery 294 306 347 368 331 306 347 317 310 368 294 357
train01191.jpg 1 battery 411 256 522 375 429 256 522 359 504 375 411 272
train01191.jpg 1 umbrella 0 0 0 0 188 78 221 57 291 166 256 188
train01191.jpg 1 glassbottle 0 0 0 0 28 206 83 150 118 184 62 241
train01191.jpg 1 electronicequipment 0 0 0 0 878 389 967 304 983 319 893 406
