train00900.jpg 1 pressure 259 118 408 373 250 133 353 105 421 358 318 386
train00900.jpg 1 umbrella 196 182 566 358 206 178 572 297 548 373 181 254
train00900.jpg 1 OCbottle 209 249 450 434 230 233 457 364 409 447 182 316
train00900.jpg 1 knife 961 293 1015 425 958 302 994 295 1020 419 984 427
train00900.jpg 1 electronicequipment 167 222 221 416 164 234 195 229 223 403 191 408
train00900.jpg 1 knife 281 261 571 394 290 256 577 384 568 403 282 276
train00900.jpg 1 electronicequipment 189 303 337 462 222 296 341 322 308 475 189 450
train00900.jpg 1 pressure 0 0 0 0 140 181 161 153 250 218 228 247
train00900.jpg 1 battery 0 0 0 0 229 630 270 570 304 593 262 654
train00900.jpg 1 lighter 0 0 0 0 141 497 152 493 173 542 161 547
