train01063.jpg 1 OCbottle 1011 215 1088 475 1034 217 1098 222 1076 474 1012 469
train01063.jpg 1 glassbottle 1094 261 1193 539 1077 268 1175 256 1209 531 1111 543
train01063.jpg 1 glassbottle 1080 203 1164 473 1080 203 1164 203 1164 473 1080 473
train01063.jpg 1 knife 294 242 688 449 285 383 640 170 695 263 341 476
train01063.jpg 1 pressure 380 300 621 428 392 372 601 292 627 361 418 441
train01063.jpg 1 electronicequipment 212 76 631 312 216 68 634 83 626 319 208 304
train01063.jpg 1 battery 296 285 362 363 296 290 356 285 362 357 302 363
train01063.jpg 1 pressure 0 0 0 0 779 74 811 52 859 118 826 142
train01063.jpg 1 metalbottle 0 0 0 0 236 389 267 357 395 479 363 512
train01063.jpg 1 electronicequipment 0 0 0 0 140 390 140 390 140 390 140 390
