train01241.jpg 1 knife 334 87 628 207 338 75 636 150 619 220 321 145
train01241.jpg 1 lighter 360 46 491 97 357 61 488 38 495 79 364 102
train01241.jpg 1 battery 291 99 509 276 286 225 453 85 517 161 350 301
train01241.jpg 1 pressure 120 238 367 504 168 218 386 461 318 523 99 280
train01241.jpg 1 OCbottle 123 286 299 469 170 264 333 421 265 492 102 334
train01241.jpg 1 OCbottle 194 231 371 417 254 204 387 374 306 437 173 267
train01241.jpg 1 electronicequipment 126 118 331 277 119 210 275 97 342 189 186 302
train01241.jpg 1 electronicequipment 181 131 361 277 168 233 352 118 384 170 201 285
train01241.jpg 1 pressure 0 0 0 0 857 552 881 526 966 603 941 630
train01241.jpg 1 glassbottle 0 0 0 0 414 621 417 584 494 592 490 629
train01241.jpg 1 electronicequipment 0 0 0 0 658 190 673 182 723 276 707 284
