train01459.jpg 1 pressure 236 119 572 414 230 362 521 118 576 183 285 427
train01459.jpg 1 umbrella 450 221 591 535 504 215 597 233 538 538 445 520
train01459.jpg 1 battery 514 423 643 549 511 533 617 431 637 451 531 554
train01459.jpg 1 electronicequipment 578 233 729 432 639 219 737 255 671 437 573 401
train01459.jpg 1 OCbottle 469 220 722 533 653 197 731 250 527 553 449 501
train01459.jpg 1 knife 383 322 477 420 375 394 457 336 477 365 395 422
train01459.jpg 1 lighter 949 119 995 238 952 122 991 121 993 238 954 239
train01459.jpg 1 OCbottle 945 136 1060 416 938 151 1033 131 1091 404 996 425
train01459.jpg 1 battery 883 289 967 500 938 292 975 303 914 501 878 490
train01459.jpg 1 plasticbottle 0 0 0 0 40 205 97 193 130 340 72 352
train01459.jpg 1 electronicequipment 0 0 0 0 87 224 128 211 194 400 152 414
train01459.jpg 1 lighter 0 0 0 0 165 460 167 456 215 480 212 486
