train01481.jpg 1 pressure 222 137 573 254 227 137 573 168 565 258 219 228
train01481.jpg 1 knife 101 191 400 327 110 184 404 309 395 330 101 205
train01481.jpg 1 OCbottle 114 84 222 196 97 123 163 68 241 161 175 216
train01481.jpg 1 lighter 87 204 135 274 85 212 110 199 145 268 120 281
train01481.jpg 1 lighter 87 100 144 199 74 112 123 100 146 191 97 203
train01481.jpg 1 lighter 134 189 184 260 133 188 182 187 185 261 136 262
train01481.jpg 1 lighter 741 74 803 189 773 67 809 80 766 197 730 184
train01481.jpg 1 umbrella 0 0 0 0 47 190 82 183 106 300 71 307
train01481.jpg 1 pressure 0 0 0 0 501 364 562 307 590 336 529 394
train01481.jpg 1 OCbottle 0 0 0 0 610 338 703 196 742 221 647 364
