train00359.jpg 1 umbrella 140 147 493 299 157 139 492 236 472 305 137 209
train00359.jpg 1 electronicequipment 122 24 295 198 214 15 294 65 205 207 125 157
train00359.jpg 1 metalbottle 283 82 496 214 301 82 492 137 469 218 278 163
train00359.jpg 1 lighter 136 82 196 178 170 84 198 94 166 188 137 178
train00359.jpg 1 knife 240 1 654 157 251 -30 661 103 638 173 228 40
train00359.jpg 1 lighter 180 1 298 49 139 107 163 114 140 199 116 193
train00359.jpg 1 lighter 121 121 159 188 772 288 797 295 772 380 747 373
train00359.jpg 1 battery 87 110 148 186 124 110 148 124 111 186 87 172
train00359.jpg 1 battery 78 157 126 221 111 157 126 167 94 221 78 211
train00359.jpg 1 pressure 0 0 0 0 239 107 262 81 346 155 322 182
train00359.jpg 1 battery 0 0 0 0 644 132 721 118 724 137 646 151
train00359.jpg 1 electronicequipment 0 0 0 0 557 160 648 115 717 251 626 297
