train00957.jpg 1 metalbottle 310 332 528 452 316 339 532 369 520 455 303 425
train00957.jpg 1 knife 304 465 477 627 299 496 335 458 485 602 448 640
train00957.jpg 1 electronicequipment 399 357 564 438 401 352 565 361 561 435 397 426
train00957.jpg 1 lighter 473 403 525 550 475 404 521 401 528 541 482 544
train00957.jpg 1 battery 429 554 510 595 434 554 510 570 504 595 429 579
train00957.jpg 1 battery 376 435 424 512 395 435 424 442 405 512 376 505
train00957.jpg 1 knife 268 396 530 572 268 396 530 396 530 572 268 572
train00957.jpg 1 OCbottle 0 0 0 0 583 233 615 190 759 297 726 341
train00957.jpg 1 electronicequipment 0 0 0 0 69 465 168 404 194 444 94 506
train00957.jpg 1 electronicequipment 0 0 0 0 329 208 354 44 456 60 430 224
