train01178.jpg 1 metalbottle 60 139 434 352 91 120 443 248 402 360 50 231
train01178.jpg 1 lighter 205 135 333 181 208 154 331 132 336 157 212 179
train01178.jpg 1 battery 323 111 497 188 319 138 489 106 500 162 330 195
train01178.jpg 1 OCbottle 403 120 571 345 484 115 584 164 488 361 389 312
train01178.jpg 1 pressure 300 207 597 487 280 433 545 195 616 274 352 512
train01178.jpg 1 electronicequipment 91 167 518 524 99 271 319 122 512 408 292 557
train01178.jpg 1 OCbottle 790 347 964 485 818 332 1037 415 1000 509 782 425
train01178.jpg 1 glassbottle 0 0 0 0 729 341 766 321 806 391 767 412
train01178.jpg 1 OCbottle 0 0 0 0 733 322 772 306 833 451 793 468
train01178.jpg 1 battery 0 0 0 0 707 140 786 131 789 157 709 167
