train00780.jpg 1 metalbottle 659 114 767 461 662 113 770 114 763 461 655 460
train00780.jpg 1 OCbottle 512 207 761 362 537 179 767 267 729 365 500 277
train00780.jpg 1 knife 347 447 660 484 346 449 659 444 660 481 347 486
train00780.jpg 1 knife 322 416 685 458 314 422 684 409 685 443 316 456
train00780.jpg 1 knife 321 340 643 407 319 370 636 331 641 376 324 415
train00780.jpg 1 knife 332 274 660 312 324 277 659 271 660 302 325 308
train00780.jpg 1 knife 348 218 659 255 345 225 658 225 658 254 345 254
train00780.jpg 1 knife 358 180 633 235 365 154 635 206 625 260 355 208
train00780.jpg 1 metalbottle 209 242 348 439 241 224 359 249 316 449 198 424
train00780.jpg 1 pressure 0 0 0 0 98 286 125 246 217 307 188 349
train00780.jpg 1 battery 0 0 0 0 652 353 662 306 683 309 671 358
train00780.jpg 1 lighter 0 0 0 0 52 59 98 44 102 55 55 71
