train01340.jpg 1 pressure 99 161 314 535 82 188 170 149 330 509 243 548
train01340.jpg 1 umbrella 207 208 477 460 243 201 493 418 436 483 186 266
train01340.jpg 1 metalbottle 380 450 675 552 380 447 675 452 674 554 379 549
train01340.jpg 1 lighter 759 376 791 490 759 376 790 378 783 492 751 490
train01340.jpg 1 knife 193 204 365 445 182 214 227 192 347 440 303 461
train01340.jpg 1 electronicequipment 247 184 766 501 261 233 728 175 759 429 293 487
train01340.jpg 1 pressure 1035 326 1121 615 1092 330 1177 352 1109 624 1024 603
train01340.jpg 1 lighter 580 426 614 515 580 427 614 427 614 516 580 516
train01340.jpg 1 lighter 577 407 667 487 591 383 620 382 626 486 597 488
train01340.jpg 1 battery 766 272 800 346 775 272 800 275 791 346 766 343
train01340.jpg 1 battery 698 191 768 242 699 191 768 192 767 242 698 241
train01340.jpg 1 umbrella 0 0 0 0 398 303 429 302 435 420 403 422
train01340.jpg 1 electronicequipment 0 0 0 0 728 300 730 292 828 319 825 328
train01340.jpg 1 electronicequipment 0 0 0 0 863 285 884 197 1044 234 1023 324
