train00523.jpg 1 pressure 857 114 1001 249 853 208 961 107 1010 159 902 260
train00523.jpg 1 knife 838 270 1004 398 819 329 1003 262 1032 343 848 410
train00523.jpg 1 knife 842 308 898 463 840 308 896 307 899 462 843 463
train00523.jpg 1 knife 114 228 189 362 128 223 192 237 165 366 101 353
train00523.jpg 1 knife 104 265 280 471 181 249 291 310 183 505 73 443
train00523.jpg 1 lighter 109 408 242 473 108 448 248 408 257 440 117 480
train00523.jpg 1 lighter 852 415 966 461 856 405 987 428 981 460 851 437
train00523.jpg 1 electronicequipment 834 226 941 407 843 228 948 233 940 398 834 393
train00523.jpg 1 glassbottle 0 0 0 0 151 87 161 11 187 14 176 91
train00523.jpg 1 OCbottle 0 0 0 0 264 323 402 200 434 235 296 360
train00523.jpg 1 electronicequipment 0 0 0 0 380 445 396 271 474 278 457 453
