train00214.jpg 1 pressure 309 151 559 317 357 116 566 279 514 345 306 182
train00214.jpg 1 knife 249 167 603 434 271 148 612 369 558 451 217 230
train00214.jpg 1 OCbottle 159 202 365 394 145 256 219 179 375 330 301 406
train00214.jpg 1 OCbottle 294 341 495 500 290 398 349 326 519 463 460 536
train00214.jpg 1 lighter 321 378 419 478 324 402 346 380 420 452 398 474
train00214.jpg 1 lighter 342 333 436 434 337 352 362 331 430 415 405 435
train00214.jpg 1 electronicequipment 910 291 963 434 908 294 936 288 969 431 941 438
train00214.jpg 1 electronicequipment 938 114 1025 318 922 172 997 136 1047 237 972 274
train00214.jpg 1 electronicequipment 963 252 1052 453 972 252 1045 257 1032 441 959 436
train00214.jpg 1 lighter 985 350 1048 449 989 355 1017 347 1045 443 1016 452
train00214.jpg 1 OCbottle 979 250 1115 489 1060 233 1156 268 1070 505 974 470
train00214.jpg 1 metalbottle 1041 114 1115 278 1113 105 1194 149 1115 292 1034 247
train00214.jpg 1 glassbottle 360 283 461 376 421 256 485 313 414 392 350 334
train00214.jpg 1 lighter 327 246 425 332 322 264 344 241 425 317 404 339
train00214.jpg 1 electronicequipment 954 233 1043 407 959 223 1045 232 1032 357 946 348
train00214.jpg 1 lighter 1022 382 1073 466 1011 355 1036 348 1064 438 1039 446
train00214.jpg 1 battery 152 261 206 325 152 274 169 261 206 312 188 325
train00214.jpg 1 pressure 0 0 0 0 637 69 675 63 689 140 650 147
train00214.jpg 1 plasticbottle 0 0 0 0 178 383 312 286 369 365 234 462
train00214.jpg 1 metalbottle 0 0 0 0 860 252 896 241 944 384 907 396
