train00946.jpg 1 OCbottle 126 193 365 315 130 224 352 197 363 289 142 316
train00946.jpg 1 metalbottle 88 311 275 482 85 356 135 303 273 436 222 488
train00946.jpg 1 pressure 177 365 424 454 185 367 423 392 417 453 179 428
train00946.jpg 1 OCbottle 282 458 540 560 292 456 541 473 535 562 286 545
train00946.jpg 1 lighter 325 394 457 443 330 395 455 411 451 443 326 427
train00946.jpg 1 electronicequipment 172 258 407 354 181 280 398 257 406 333 189 355
train00946.jpg 1 metalbottle 1008 63 1101 272 1015 67 1091 66 1094 270 1019 272
train00946.jpg 1 electronicequipment 944 168 1081 294 944 193 966 168 1081 269 1060 294
train00946.jpg 1 knife 1066 6 1121 317 1047 14 1121 8 1147 312 1074 318
train00946.jpg 1 battery 269 434 413 470 272 441 407 436 408 464 273 469
train00946.jpg 1 battery 981 151 1037 206 981 164 994 151 1037 193 1025 206
train00946.jpg 1 battery 1031 180 1072 243 1031 187 1046 180 1072 236 1057 243
train00946.jpg 1 plasticbottle 0 0 0 0 141 161 288 137 294 175 146 199
train00946.jpg 1 battery 0 0 0 0 570 62 602 23 617 35 585 75
train00946.jpg 1 electronicequipment 0 0 0 0 228 260 326 231 328 237 229 267
