train00888.jpg 1 OCbottle 43 361 226 557 43 416 108 361 226 503 162 557
train00888.jpg 1 metalbottle 227 177 509 329 221 258 487 162 520 252 254 349
train00888.jpg 1 glassbottle 213 192 423 355 205 281 377 161 436 245 264 366
train00888.jpg 1 lighter 224 199 332 244 223 228 323 192 334 224 234 261
train00888.jpg 1 lighter 184 256 275 335 181 300 241 278 254 314 194 336
train00888.jpg 1 lighter 200 272 300 357 203 339 270 292 289 320 223 367
train00888.jpg 1 OCbottle 326 354 479 541 316 389 402 339 498 505 412 555
train00888.jpg 1 metalbottle 295 261 486 392 286 327 463 245 503 330 326 413
train00888.jpg 1 umbrella 268 282 562 389 205 298 565 298 565 375 205 375
train00888.jpg 1 electronicequipment 94 221 214 342 72 286 204 210 241 274 108 350
train00888.jpg 1 OCbottle 73 258 263 421 73 326 219 258 263 353 117 421
train00888.jpg 1 OCbottle 196 111 400 268 196 188 363 111 400 190 233 268
train00888.jpg 1 OCbottle 905 118 1073 286 878 202 1071 131 1110 238 917 308
train00888.jpg 1 knife 356 318 622 454 337 405 608 306 637 387 367 486
train00888.jpg 1 battery 502 478 608 529 508 478 608 495 602 529 502 511
train00888.jpg 1 battery 588 499 686 541 593 499 686 515 681 541 588 524
train00888.jpg 1 umbrella 0 0 0 0 271 143 301 133 346 249 315 261
train00888.jpg 1 metalbottle 0 0 0 0 519 255 527 216 675 248 666 288
train00888.jpg 1 battery 0 0 0 0 976 423 1021 408 1028 424 982 441
