train01446.jpg 1 electronicequipment 236 161 402 342 243 194 340 163 388 309 291 341
train01446.jpg 1 battery 87 163 275 342 210 160 275 219 152 355 87 296
train01446.jpg 1 electronicequipment 150 254 340 432 222 263 321 322 249 441 150 381
train01446.jpg 1 metalbottle 326 280 464 437 379 263 477 308 411 451 313 405
train01446.jpg 1 glassbottle 364 167 451 282 366 166 452 170 447 278 361 274
train01446.jpg 1 metalbottle 311 62 526 227 341 54 539 147 496 238 298 146
train01446.jpg 1 electronicequipment 236 141 382 284 234 176 301 129 367 223 300 270
train01446.jpg 1 lighter 185 229 298 289 191 228 301 261 291 292 182 259
train01446.jpg 1 electronicequipment 167 75 318 202 155 142 279 62 320 125 196 205
train01446.jpg 1 knife 109 126 190 230 171 130 194 148 126 242 102 225
train01446.jpg 1 lighter 978 281 1110 348 985 278 1119 311 1111 343 977 310
train01446.jpg 1 electronicequipment 1001 279 1189 517 1162 261 1280 418 1128 532 1010 375
train01446.jpg 1 knife 1124 398 1194 473 1143 393 1218 449 1194 480 1120 424
train01446.jpg 1 battery 183 69 257 115 183 84 250 69 257 99 190 115
train01446.jpg 1 battery 154 104 207 132 154 105 206 104 207 131 155 132
train01446.jpg 1 umbrella 0 0 0 0 899 341 928 320 1008 429 977 451
train01446.jpg 1 umbrella 0 0 0 0 115 150 129 117 242 166 227 200
train01446.jpg 1 battery 0 0 0 0 1102 357 1122 357 1122 405 1102 405
