train00914.jpg 1 pressure 281 227 585 342 282 220 586 252 577 342 273 310
train00914.jpg 1 metalbottle 297 304 460 536 286 338 370 297 473 508 389 549
train00914.jpg 1 knife 334 314 466 396 332 320 462 310 468 386 337 395
train00914.jpg 1 OCbottle 77 156 321 378 126 143 335 307 268 393 59 230
train00914.jpg 1 battery 803 76 904 262 812 80 911 76 917 255 818 258
train00914.jpg 1 electronicequipment 103 230 261 405 77 281 111 234 280 357 245 404
train00914.jpg 1 lighter 286 306 327 419 283 310 310 305 329 417 302 422
train00914.jpg 1 umbrella 0 0 0 0 358 512 472 449 489 478 373 542
train00914.jpg 1 metalbottle 0 0 0 0 131 378 226 247 260 271 164 403
train00914.jpg 1 lighter 0 0 0 0 686 168 696 166 708 215 697 218
