train00122.jpg 1 umbrella 448 228 651 532 580 214 643 240 514 544 451 518
train00122.jpg 1 OCbottle 260 260 598 365 265 255 608 291 599 373 256 337
train00122.jpg 1 pressure 306 462 644 526 308 455 648 479 644 537 304 514
train00122.jpg 1 battery 1043 312 1176 397 1061 314 1172 334 1161 396 1050 376
train00122.jpg 1 OCbottle 989 349 1146 608 1051 339 1150 373 1066 615 968 581
train00122.jpg 1 knife 1035 361 1159 624 1007 370 1111 348 1167 611 1063 634
train00122.jpg 1 electronicequipment 977 443 1137 637 1015 422 1129 442 1093 644 980 624
train00122.jpg 1 knife 158 332 403 431 158 365 394 332 403 397 167 431
train00122.jpg 1 umbrella 0 0 0 0 77 498 77 498 77 497 77 497
train00122.jpg 1 umbrella 0 0 0 0 36 107 68 78 162 183 129 213
train00122.jpg 1 pressure 0 0 0 0 534 199 563 173 640 256 611 283
