train00815.jpg 1 metalbottle 219 171 508 385 206 306 449 165 500 253 257 394
train00815.jpg 1 metalbottle 312 349 531 613 313 396 380 349 530 564 464 611
train00815.jpg 1 knife 256 379 636 576 257 405 632 438 623 542 248 510
train00815.jpg 1 electronicequipment 421 231 597 403 427 310 491 246 594 350 531 413
train00815.jpg 1 lighter 616 365 710 478 619 383 644 365 705 452 680 470
train00815.jpg 1 electronicequipment 525 380 745 614 526 431 611 372 742 558 657 617
train00815.jpg 1 battery 876 270 996 408 897 285 975 272 993 377 915 391
train00815.jpg 1 electronicequipment 908 386 1039 542 908 422 969 386 1039 507 978 542
train00815.jpg 1 battery 449 498 518 572 449 520 475 498 518 550 492 572
train00815.jpg 1 OCbottle 0 0 0 0 258 147 296 109 433 246 395 284
train00815.jpg 1 battery 0 0 0 0 34 52 45 37 86 66 74 82
train00815.jpg 1 electronicequipment 0 0 0 0 501 596 513 498 529 499 515 598
