train00642.jpg 1 umbrella 190 177 515 322 210 160 526 281 494 363 178 242
train00642.jpg 1 metalbottle 315 177 492 360 300 218 370 159 501 315 431 374
train00642.jpg 1 lighter 271 115 392 155 271 128 385 110 390 144 276 162
train00642.jpg 1 lighter 478 155 580 219 496 153 589 194 575 225 482 184
train00642.jpg 1 OCbottle 561 177 685 303 610 167 706 274 649 326 552 219
train00642.jpg 1 pressure 355 121 635 416 338 177 419 105 655 367 574 439
train00642.jpg 1 battery 469 131 544 201 469 154 488 131 544 179 526 201
train00642.jpg 1 battery 260 272 376 375 286 272 376 342 350 375 260 305
train00642.jpg 1 umbrella 0 0 0 0 336 523 454 499 460 530 341 554
train00642.jpg 1 umbrella 0 0 0 0 414 143 427 106 545 147 531 185
train00642.jpg 1 electronicequipment 0 0 0 0 585 361 638 197 688 213 635 377
