train00072.jpg 1 pressure 232 285 625 479 224 417 603 272 633 350 254 495
train00072.jpg 1 umbrella 209 443 553 530 206 452 553 433 557 518 211 536
train00072.jpg 1 electronicequipment 717 216 791 347 697 231 752 210 801 337 745 358
train00072.jpg 1 lighter 275 327 354 399 267 396 344 319 364 340 288 417
train00072.jpg 1 electronicequipment 339 199 787 521 333 311 721 185 795 410 407 536
train00072.jpg 1 knife 163 276 244 515 169 274 250 278 237 516 156 512
train00072.jpg 1 lighter 399 155 481 270 446 145 487 166 437 265 395 244
train00072.jpg 1 pressure 0 0 0 0 662 247 665 169 704 170 700 249
train00072.jpg 1 battery 0 0 0 0 1001 489 1004 472 1053 481 1049 499
train00072.jpg 1 battery 0 0 0 0 74 594 155 577 162 605 80 623
