train00703.jpg 1 pressure 169 44 532 302 152 235 490 32 537 110 199 313
train00703.jpg 1 OCbottle 135 145 359 405 129 177 215 126 370 383 284 435
train00703.jpg 1 battery 149 270 281 466 130 303 194 265 293 430 229 468
train00703.jpg 1 knife 243 219 351 337 328 219 351 239 266 337 243 317
train00703.jpg 1 lighter 270 376 358 483 272 392 300 373 365 470 337 489
train00703.jpg 1 electronicequipment 166 324 303 452 170 368 251 321 305 416 224 463
train00703.jpg 1 metalbottle 266 267 490 486 366 249 499 420 387 507 254 336
train00703.jpg 1 pressure 0 0 0 0 655 526 665 449 705 453 695 532
train00703.jpg 1 battery 0 0 0 0 1021 648 1048 604 1067 614 1039 660
train00703.jpg 1 battery 0 0 0 0 243 245 259 171 287 176 269 251
