train00191.jpg 1 knife 357 211 596 425 432 478 349 251 515 190 598 417
train00191.jpg 1 knife 362 192 780 416 380 198 778 342 734 462 337 317
train00191.jpg 1 electronicequipment 319 104 759 460 327 228 673 102 759 338 413 464
train00191.jpg 1 electronicequipment 1008 312 1126 504 1113 319 1185 391 1076 500 1004 428
train00191.jpg 1 lighter 1042 358 1118 433 1036 420 1092 373 1108 392 1052 439
train00191.jpg 1 lighter 287 225 354 267 284 247 344 219 356 244 296 272
train00191.jpg 1 lighter 364 358 420 440 366 368 393 358 420 432 393 442
train00191.jpg 1 lighter 1067 389 1140 462 1115 389 1140 414 1092 462 1067 437
train00191.jpg 1 battery 995 429 1068 494 1009 429 1068 477 1054 494 995 446
train00191.jpg 1 battery 1005 374 1053 433 1038 374 1053 385 1020 433 1005 422
train00191.jpg 1 pressure 0 0 0 0 778 476 845 440 863 473 796 510
train00191.jpg 1 pressure 0 0 0 0 425 528 457 527 460 625 428 626
train00191.jpg 1 glassbottle 0 0 0 0 393 192 393 192 393 192 393 192
