train00098.jpg 1 knife 805 33 914 128 790 104 898 25 921 57 813 136
train00098.jpg 1 metalbottle 778 4 945 165 766 118 885 -28 957 30 838 177
train00098.jpg 1 lighter 943 1 1006 44 936 18 992 -11 1012 26 956 56
train00098.jpg 1 OCbottle 357 219 510 438 421 209 535 246 462 471 348 434
train00098.jpg 1 umbrella 137 210 403 454 121 426 340 199 401 257 182 484
train00098.jpg 1 lighter 110 269 212 366 110 329 196 254 228 291 142 366
train00098.jpg 1 knife 33 325 136 405 30 384 135 318 150 342 45 408
train00098.jpg 1 glassbottle 116 135 385 371 107 313 340 117 394 181 161 377
train00098.jpg 1 metalbottle 32 403 154 489 32 401 154 404 153 490 31 487
train00098.jpg 1 pressure 0 0 0 0 61 40 61 40 61 40 61 40
train00098.jpg 1 OCbottle 0 0 0 0 213 239 229 186 377 233 359 287
train00098.jpg 1 lighter 0 0 0 0 335 503 343 498 380 547 371 554
