train00297.jpg 1 pressure 176 250 452 367 170 272 438 239 449 337 181 370
train00297.jpg 1 glassbottle 322 334 408 428 336 323 419 347 393 438 310 414
train00297.jpg 1 electronicequipment 370 103 836 472 502 77 838 271 708 496 372 302
train00297.jpg 1 electronicequipment 457 66 617 237 521 60 618 95 561 251 464 216
train00297.jpg 1 electronicequipment 254 145 407 236 254 212 385 136 406 172 275 248
train00297.jpg 1 knife 333 132 446 244 312 209 426 124 457 166 343 251
train00297.jpg 1 lighter 339 100 455 168 339 147 449 91 463 120 353 176
train00297.jpg 1 metalbottle 466 292 711 486 457 334 676 287 710 443 491 490
train00297.jpg 1 battery 425 62 540 166 425 114 508 62 540 114 457 166
train00297.jpg 1 pressure 0 0 0 0 114 111 152 103 168 176 130 185
train00297.jpg 1 battery 0 0 0 0 382 602 391 587 434 613 424 630
train00297.jpg 1 lighter 0 0 0 0 244 464 292 464 292 492 244 492
