train00824.jpg 1 metalbottle 426 119 717 278 448 110 723 210 693 294 418 194
train00824.jpg 1 electronicequipment 178 239 354 332 199 219 359 294 333 350 173 276
train00824.jpg 1 pressure 319 129 664 275 334 116 673 226 647 305 308 195
train00824.jpg 1 electronicequipment 864 25 1014 148 891 14 1021 81 983 154 853 88
train00824.jpg 1 lighter 139 251 220 305 151 241 226 275 207 317 132 283
train00824.jpg 1 electronicequipment 187 307 715 346 187 301 715 310 714 349 186 340
train00824.jpg 1 battery 339 190 392 233 349 190 392 206 381 233 339 217
train00824.jpg 1 umbrella 0 0 0 0 97 86 211 45 224 79 109 120
train00824.jpg 1 pressure 0 0 0 0 94 213 137 213 137 311 94 311
train00824.jpg 1 glassbottle 0 0 0 0 252 142 291 125 325 196 285 214
