train00713.jpg 1 glassbottle 1 163 259 318 -47 227 241 133 272 231 -15 324
train00713.jpg 1 glassbottle 149 218 270 553 137 222 247 215 271 549 160 556
train00713.jpg 1 lighter 1 325 78 405 3 336 82 383 68 407 -10 359
train00713.jpg 1 knife 108 398 160 519 102 400 154 395 165 516 113 521
train00713.jpg 1 glassbottle 732 184 951 548 867 172 965 218 805 563 706 517
train00713.jpg 1 knife 748 289 932 442 738 408 903 284 938 330 773 454
train00713.jpg 1 OCbottle 866 328 1021 491 898 327 1026 362 987 507 859 473
train00713.jpg 1 pressure 0 0 0 0 41 268 101 205 132 235 71 298
train00713.jpg 1 glassbottle 0 0 0 0 85 100 116 66 175 118 143 153
train00713.jpg 1 lighter 0 0 0 0 42 272 64 270 70 319 47 322
