train00989.jpg 1 pressure 146 65 348 374 126 94 204 52 361 346 282 388
train00989.jpg 1 knife 105 68 257 352 96 74 137 55 274 348 233 367
train00989.jpg 1 metalbottle 1063 182 1186 427 1119 167 1204 193 1132 430 1047 404
train00989.jpg 1 electronicequipment 1018 206 1070 434 1034 186 1087 189 1070 436 1016 432
train00989.jpg 1 lighter 351 147 466 252 380 140 468 225 438 256 350 171
train00989.jpg 1 umbrella 1079 32 1189 352 1077 49 1151 36 1204 341 1130 354
train00989.jpg 1 OCbottle 44 81 213 312 44 117 122 81 213 276 136 312
train00989.jpg 1 lighter 1032 333 1075 440 1035 333 1075 335 1071 440 1032 439
train00989.jpg 1 knife 1156 29 1206 356 1156 30 1195 29 1206 355 1167 356
train00989.jpg 1 battery 1102 210 1139 274 1114 210 1139 215 1126 274 1102 268
train00989.jpg 1 plasticbottle 0 0 0 0 244 295 388 213 415 261 271 343
train00989.jpg 1 battery 0 0 0 0 243 431 272 388 288 398 259 442
train00989.jpg 1 battery 0 0 0 0 908 203 990 151 1008 179 925 232
