train00503.jpg 1 pressure 257 263 457 520 258 291 345 252 455 497 367 536
train00503.jpg 1 metalbottle 262 466 563 668 295 460 563 596 525 670 258 534
train00503.jpg 1 knife 298 574 398 654 287 636 377 563 401 593 311 666
train00503.jpg 1 knife 380 307 608 543 359 353 493 275 633 517 499 595
train00503.jpg 1 metalbottle 672 394 782 574 679 391 784 396 775 574 670 569
train00503.jpg 1 umbrella 1002 244 1168 377 992 305 1186 242 1209 310 1015 373
train00503.jpg 1 lighter 1032 540 1081 611 1026 544 1075 536 1086 606 1037 614
train00503.jpg 1 OCbottle 0 0 0 0 806 359 886 214 928 236 847 382
train00503.jpg 1 electronicequipment 0 0 0 0 934 190 1000 115 1034 143 967 219
train00503.jpg 1 lighter 0 0 0 0 469 627 478 579 488 580 479 629
