train01342.jpg 1 knife 180 78 506 133 179 81 504 81 504 131 179 131
train01342.jpg 1 lighter 112 97 240 152 114 127 237 101 243 129 120 155
train01342.jpg 1 knife 170 147 280 270 252 147 288 178 202 280 165 250
train01342.jpg 1 lighter 119 125 217 237 113 152 140 126 213 202 186 227
train01342.jpg 1 lighter 140 149 198 276 141 204 170 192 212 290 183 303
train01342.jpg 1 battery 190 289 249 357 190 303 209 289 249 343 230 357
train01342.jpg 1 battery 232 91 263 160 249 91 263 94 247 160 232 157
train01342.jpg 1 umbrella 0 0 0 0 89 172 162 62 205 90 131 200
train01342.jpg 1 electronicequipment 0 0 0 0 403 155 404 148 503 166 501 174
train01342.jpg 1 lighter 0 0 0 0 207 77 212 76 217 124 211 125
