train00508.jpg 1 electronicequipment 267 225 821 574 343 183 816 301 741 599 269 481
train00508.jpg 1 pressure 362 248 770 420 358 347 751 242 773 324 380 429
train00508.jpg 1 knife 576 353 642 602 601 350 641 353 623 605 583 602
train00508.jpg 1 electronicequipment 548 451 747 576 558 513 717 449 747 522 588 586
train00508.jpg 1 lighter 615 541 704 629 700 538 717 557 637 632 619 613
train00508.jpg 1 glassbottle 701 523 770 597 744 533 761 548 716 600 698 585
train00508.jpg 1 metalbottle 615 442 721 616 616 452 697 442 717 610 636 620
train00508.jpg 1 battery 797 377 831 437 797 382 820 377 831 432 809 437
train00508.jpg 1 battery 759 457 814 527 789 457 814 470 784 527 759 513
train00508.jpg 1 battery 831 257 862 311 840 257 862 261 853 311 831 307
train00508.jpg 1 umbrella 0 0 0 0 126 232 156 207 249 317 218 343
train00508.jpg 1 pressure 0 0 0 0 696 593 774 582 780 621 701 633
train00508.jpg 1 pressure 0 0 0 0 992 364 1006 336 1094 379 1079 408
