train01465.jpg 1 electronicequipment 78 174 179 403 120 166 181 175 144 407 83 397
train01465.jpg 1 umbrella 150 229 312 496 185 242 291 229 324 497 218 510
train01465.jpg 1 pressure 152 380 397 491 210 324 378 498 335 540 167 366
train01465.jpg 1 knife 214 338 471 451 204 316 475 431 462 464 191 349
train01465.jpg 1 OCbottle 130 190 250 436 159 181 255 193 225 441 129 429
train01465.jpg 1 metalbottle 1052 278 1122 486 1033 301 1105 265 1199 448 1126 485
train01465.jpg 1 metalbottle 991 141 1122 292 984 197 1126 151 1158 248 1016 294
train01465.jpg 1 umbrella 0 0 0 0 317 123 356 97 432 206 393 234
train01465.jpg 1 pressure 0 0 0 0 839 620 845 582 921 595 914 634
train01465.jpg 1 battery 0 0 0 0 37 165 49 150 91 184 77 200
