train00967.jpg 1 knife 65 81 147 315 121 82 149 89 87 320 59 313
train00967.jpg 1 knife 131 119 194 319 178 116 200 123 142 326 120 319
train00967.jpg 1 knife 174 109 257 320 243 107 267 116 188 321 164 312
train00967.jpg 1 knife 222 124 288 321 267 123 292 130 236 326 211 319
train00967.jpg 1 knife 279 124 359 322 330 125 363 135 304 328 271 318
train00967.jpg 1 knife 338 139 413 322 390 131 419 140 361 329 332 320
train00967.jpg 1 knife 387 186 441 321 424 184 449 192 405 329 380 321
train00967.jpg 1 electronicequipment 54 9 471 309 94 16 472 89 428 315 50 242
train00967.jpg 1 metalbottle 0 0 0 0 120 78 267 52 276 97 127 124
train00967.jpg 1 battery 0 0 0 0 141 133 158 130 169 178 151 182
train00967.jpg 1 electronicequipment 0 0 0 0 101 214 107 211 158 307 152 311
