train01164.jpg 1 knife 457 266 719 500 394 392 667 234 741 362 468 520
train01164.jpg 1 electronicequipment 202 210 362 383 182 248 284 189 373 344 271 403
train01164.jpg 1 electronicequipment 146 326 273 471 137 345 235 313 285 467 187 499
train01164.jpg 1 lighter 150 300 274 337 148 306 271 293 275 330 152 343
train01164.jpg 1 metalbottle 709 210 834 394 694 225 786 195 848 386 756 416
train01164.jpg 1 lighter 717 317 823 391 707 363 808 311 825 346 725 397
train01164.jpg 1 electronicequipment 211 220 616 525 189 264 579 181 640 464 250 547
train01164.jpg 1 knife 492 151 667 245 467 145 686 204 675 248 455 189
train01164.jpg 1 umbrella 1018 353 1174 470 1003 398 1185 349 1205 423 1023 472
train01164.jpg 1 knife 995 213 1178 358 999 209 1188 219 1180 371 991 361
train01164.jpg 1 OCbottle 594 338 752 497 583 369 697 318 760 461 646 512
train01164.jpg 1 battery 210 293 295 346 210 310 287 293 295 330 217 346
train01164.jpg 1 battery 501 289 580 330 501 297 577 289 580 322 504 330
train01164.jpg 1 battery 219 189 316 247 219 213 306 189 316 223 228 247
train01164.jpg 1 battery 286 181 324 229 289 181 324 182 321 229 286 228
train01164.jpg 1 battery 344 225 571 330 344 237 566 225 571 318 348 330
train01164.jpg 1 battery 756 221 814 299 756 234 785 221 814 286 785 299
train01164.jpg 1 glassbottle 1133 175 1183 281 1139 175 1183 177 1177 281 1133 279
train01164.jpg 1 metalbottle 0 0 0 0 600 303 650 158 695 172 644 319
train01164.jpg 1 electronicequipment 0 0 0 0 842 188 897 104 927 123 871 207
train01164.jpg 1 electronicequipment 0 0 0 0 644 348 738 306 802 445 707 488
