train00685.jpg 1 lighter 294 428 346 525 278 444 305 433 342 519 315 531
train00685.jpg 1 pressure 369 83 513 436 415 73 524 90 464 470 354 453
train00685.jpg 1 electronicequipment 139 139 570 551 137 164 406 60 570 488 301 591
train00685.jpg 1 metalbottle 887 83 976 376 938 70 1031 88 974 380 881 361
train00685.jpg 1 battery 856 62 939 239 851 71 919 66 930 229 862 234
train00685.jpg 1 lighter 157 235 211 350 149 239 178 229 217 341 188 351
train00685.jpg 1 battery 134 143 192 170 135 143 192 145 191 170 134 168
train00685.jpg 1 battery 848 42 887 157 848 45 876 42 887 154 860 157
train00685.jpg 1 electronicequipment 884 0 962 180 884 4 953 0 962 177 893 180
train00685.jpg 1 battery 860 -7 910 53 890 -7 910 4 880 53 860 40
train00685.jpg 1 umbrella 0 0 0 0 50 427 117 316 150 335 83 447
train00685.jpg 1 glassbottle 0 0 0 0 410 331 432 303 503 359 480 388
train00685.jpg 1 lighter 0 0 0 0 864 409 870 403 914 447 907 453
