train00255.jpg 1 metalbottle 310 331 421 524 338 328 423 343 391 529 306 514
train00255.jpg 1 knife 191 293 294 462 218 279 297 300 250 476 171 455
train00255.jpg 1 electronicequipment 102 167 229 409 89 207 195 185 239 392 133 414
train00255.jpg 1 lighter 107 209 142 326 109 222 141 205 193 302 161 319
train00255.jpg 1 lighter 122 211 178 304 98 213 129 205 152 294 120 302
train00255.jpg 1 electronicequipment 220 338 282 495 219 353 273 353 273 493 219 493
train00255.jpg 1 battery 218 268 237 344 218 268 237 268 237 344 218 344
train00255.jpg 1 lighter 1159 272 1203 361 1159 277 1188 272 1203 355 1174 361
train00255.jpg 1 umbrella 0 0 0 0 548 546 666 488 686 526 567 585
train00255.jpg 1 pressure 0 0 0 0 225 95 258 70 310 138 276 163
train00255.jpg 1 battery 0 0 0 0 152 112 197 99 203 116 156 130
