train00027.jpg 1 pressure 387 130 626 390 365 169 433 108 633 330 565 391
train00027.jpg 1 metalbottle 309 149 513 269 294 191 500 148 519 237 313 280
train00027.jpg 1 metalbottle 94 199 313 304 97 196 312 211 306 304 91 289
train00027.jpg 1 electronicequipment 214 31 422 180 209 82 395 14 432 116 246 184
train00027.jpg 1 lighter 421 408 544 476 414 449 529 412 538 440 423 478
train00027.jpg 1 OCbottle 206 52 483 237 176 132 441 35 497 186 232 283
train00027.jpg 1 electronicequipment 893 151 975 322 886 153 949 144 973 316 910 325
train00027.jpg 1 OCbottle 909 138 1014 423 912 145 1003 126 1066 422 975 441
train00027.jpg 1 glassbottle 0 0 0 0 686 99 707 59 769 92 748 133
train00027.jpg 1 metalbottle 0 0 0 0 305 521 363 379 437 408 378 551
train00027.jpg 1 electronicequipment 0 0 0 0 400 282 434 171 491 187 456 299
