train00965.jpg 1 electronicequipment 1023 210 1157 392 1023 223 1123 205 1154 381 1054 399
train00965.jpg 1 electronicequipment 473 288 614 490 472 322 567 294 616 462 521 490
train00965.jpg 1 knife 711 337 979 432 715 339 981 381 972 439 706 397
train00965.jpg 1 knife 991 292 1038 430 989 292 1036 291 1039 429 992 430
train00965.jpg 1 knife 508 300 568 425 509 309 550 303 567 420 526 426
train00965.jpg 1 knife 218 251 572 456 247 218 600 398 554 489 201 309
train00965.jpg 1 knife 392 226 635 481 370 290 510 192 680 435 540 533
train00965.jpg 1 metalbottle 429 256 631 373 446 263 636 307 620 378 430 334
train00965.jpg 1 umbrella 0 0 0 0 632 177 745 129 767 178 653 228
train00965.jpg 1 battery 0 0 0 0 355 54 433 54 433 79 355 79
train00965.jpg 1 electronicequipment 0 0 0 0 313 400 401 356 471 491 382 537
