train00890.jpg 1 lighter 325 434 460 465 325 434 458 444 457 469 324 460
train00890.jpg 1 knife 249 231 478 464 274 212 478 456 440 488 236 244
train00890.jpg 1 umbrella 209 155 321 443 228 154 329 168 290 451 189 436
train00890.jpg 1 electronicequipment 74 229 215 399 197 192 257 232 131 420 70 380
train00890.jpg 1 battery 102 307 236 450 184 285 244 325 156 456 96 415
train00890.jpg 1 lighter 1034 23 1105 114 1032 36 1070 12 1123 96 1084 120
train00890.jpg 1 lighter 1082 17 1139 97 1071 32 1108 11 1156 95 1120 116
train00890.jpg 1 lighter 307 441 443 473 309 433 444 448 440 480 305 465
train00890.jpg 1 battery 174 372 218 438 197 372 218 380 195 438 174 429
train00890.jpg 1 battery 0 0 0 0 74 375 87 343 172 377 158 410
train00890.jpg 1 electronicequipment 0 0 0 0 171 545 222 451 234 456 181 551
train00890.jpg 1 electronicequipment 0 0 0 0 812 412 820 357 1006 386 997 442
