train01284.jpg 1 metalbottle 101 185 303 298 103 225 287 179 307 258 123 303
train01284.jpg 1 knife 116 234 501 348 118 325 492 232 501 266 127 360
train01284.jpg 1 electronicequipment 153 345 284 495 183 347 279 367 252 498 155 477
train01284.jpg 1 lighter 143 476 218 587 149 501 180 489 214 578 183 590
train01284.jpg 1 electronicequipment 985 367 1075 555 974 391 1025 373 1085 537 1034 555
train01284.jpg 1 lighter 967 397 1012 496 971 417 987 412 1011 489 994 494
train01284.jpg 1 knife 1056 274 1164 342 1058 311 1144 264 1165 301 1078 349
train01284.jpg 1 knife 137 318 241 426 210 310 246 339 169 434 133 405
train01284.jpg 1 electronicequipment 1106 376 1196 476 1110 395 1202 377 1217 454 1125 472
train01284.jpg 1 electronicequipment 1020 348 1196 587 1055 389 1214 349 1251 496 1092 536
train01284.jpg 1 battery 91 242 168 499 91 246 150 242 168 495 109 499
train01284.jpg 1 umbrella 0 0 0 0 1060 401 1176 343 1192 374 1074 433
train01284.jpg 1 pressure 0 0 0 0 41 270 119 264 123 303 44 310
train01284.jpg 1 electronicequipment 0 0 0 0 387 125 400 59 591 99 577 167
