train00970.jpg 1 glassbottle 90 -62 593 195 123 -62 593 28 561 195 90 103
train00970.jpg 1 electronicequipment 105 73 645 324 135 67 642 156 613 319 106 230
train00970.jpg 1 lighter 354 267 476 316 361 263 482 293 475 318 354 288
train00970.jpg 1 battery 811 225 890 384 784 253 864 210 939 351 858 394
train00970.jpg 1 knife 390 168 521 239 404 157 530 213 511 255 385 199
train00970.jpg 1 electronicequipment 859 246 927 443 847 261 894 248 941 424 894 437
train00970.jpg 1 battery 567 251 604 318 585 251 604 257 586 318 567 313
train00970.jpg 1 battery 888 277 958 386 888 289 912 277 958 374 933 386
train00970.jpg 1 glassbottle 0 0 0 0 376 332 381 311 457 328 452 350
train00970.jpg 1 plasticbottle 0 0 0 0 421 482 452 335 557 357 525 505
train00970.jpg 1 battery 0 0 0 0 347 321 381 256 411 271 377 337
