train00010.jpg 1 electronicequipment 117 88 311 279 113 148 193 79 316 221 236 290
train00010.jpg 1 glassbottle 89 187 255 494 80 209 167 185 250 473 163 498
train00010.jpg 1 umbrella 201 325 515 548 188 479 481 296 530 375 237 557
train00010.jpg 1 lighter 150 296 200 411 143 307 181 298 209 410 171 419
train00010.jpg 1 metalbottle 330 246 521 408 319 355 487 228 536 292 367 419
train00010.jpg 1 knife 174 344 299 440 164 404 286 353 303 394 181 445
train00010.jpg 1 OCbottle 288 146 446 402 345 117 451 149 366 428 260 395
train00010.jpg 1 plasticbottle 0 0 0 0 599 549 746 535 751 590 603 604
train00010.jpg 1 battery 0 0 0 0 344 168 391 157 395 174 348 186
train00010.jpg 1 battery 0 0 0 0 446 362 463 347 524 415 505 431
