train00753.jpg 1 lighter 159 187 219 312 158 197 185 188 224 307 197 316
train00753.jpg 1 knife 184 429 262 522 180 440 216 420 267 515 230 535
train00753.jpg 1 knife 94 104 209 363 95 118 140 103 225 365 180 379
train00753.jpg 1 knife 131 301 617 423 126 322 607 280 615 379 135 421
train00753.jpg 1 knife 243 438 376 549 343 428 366 450 274 545 252 523
train00753.jpg 1 lighter 866 387 916 496 883 392 914 398 896 497 865 492
train00753.jpg 1 knife 1056 407 1124 536 1057 417 1097 403 1137 519 1097 532
train00753.jpg 1 knife 1074 407 1153 538 1065 428 1086 411 1169 515 1149 531
train00753.jpg 1 plasticbottle 0 0 0 0 32 469 178 432 201 521 54 559
train00753.jpg 1 battery 0 0 0 0 928 94 938 79 980 109 968 125
train00753.jpg 1 electronicequipment 0 0 0 0 927 260 931 208 1112 221 1108 274
