train01402.jpg 1 lighter 139 209 203 316 135 197 167 188 192 281 160 290
train01402.jpg 1 electronicequipment 182 215 300 407 182 223 294 219 300 397 189 401
train01402.jpg 1 knife 272 317 342 508 268 323 307 314 348 506 309 514
train01402.jpg 1 metalbottle 310 381 407 553 325 375 404 382 388 569 309 562
train01402.jpg 1 lighter 208 459 267 594 205 472 244 464 269 584 231 592
train01402.jpg 1 glassbottle 828 39 948 347 822 41 942 37 953 344 833 348
train01402.jpg 1 metalbottle 891 214 970 392 927 209 982 224 936 395 881 380
train01402.jpg 1 glassbottle 913 112 970 381 941 112 1005 115 987 464 923 461
train01402.jpg 1 knife 892 414 971 486 888 436 968 426 973 465 893 475
train01402.jpg 1 battery 159 225 187 291 159 226 184 225 187 290 162 291
train01402.jpg 1 glassbottle 0 0 0 0 335 602 355 523 394 532 373 612
train01402.jpg 1 OCbottle 0 0 0 0 145 393 290 328 308 366 162 432
train01402.jpg 1 battery 0 0 0 0 364 98 412 98 412 117 364 117
