train00002.jpg 1 pressure 350 66 511 431 341 77 423 57 515 426 433 446
train00002.jpg 1 electronicequipment 464 69 612 275 461 73 551 49 611 273 521 297
train00002.jpg 1 knife 451 185 544 336 442 201 498 181 549 328 493 348
train00002.jpg 1 knife 796 67 926 247 787 84 816 64 933 231 904 251
train00002.jpg 1 OCbottle 840 51 954 224 1018 144 951 224 813 108 880 27
train00002.jpg 1 glassbottle 842 185 954 470 820 207 920 164 1038 442 938 485
train00002.jpg 1 lighter 564 306 616 410 557 312 598 307 611 410 570 415
train00002.jpg 1 lighter 502 127 555 234 496 128 538 118 564 227 522 237
train00002.jpg 1 glassbottle 0 0 0 0 200 510 200 510 199 510 199 510
train00002.jpg 1 metalbottle 0 0 0 0 785 74 933 46 941 86 792 116
train00002.jpg 1 lighter 0 0 0 0 46 102 93 94 96 107 48 116
