train01089.jpg 1 metalbottle 410 381 581 490 403 437 572 379 595 447 427 505
train01089.jpg 1 knife 293 302 579 494 278 397 559 265 617 390 335 521
train01089.jpg 1 OCbottle 526 75 660 192 553 73 675 138 636 210 515 146
train01089.jpg 1 OCbottle 340 138 603 452 545 124 621 185 389 473 313 411
train01089.jpg 1 OCbottle 241 218 560 349 235 279 538 214 560 314 257 379
train01089.jpg 1 OCbottle 333 73 536 271 312 210 493 63 556 141 375 288
train01089.jpg 1 lighter 139 139 245 224 134 203 221 148 235 171 148 225
train01089.jpg 1 metalbottle 206 144 338 323 197 165 291 135 346 304 252 335
train01089.jpg 1 lighter 311 4 433 87 312 65 425 2 439 27 326 89
train01089.jpg 1 electronicequipment 304 77 492 247 306 201 405 47 495 105 395 259
train01089.jpg 1 electronicequipment 114 100 333 301 103 215 286 109 337 197 154 303
train01089.jpg 1 electronicequipment 290 20 464 174 266 129 459 13 487 59 293 175
train01089.jpg 1 OCbottle 1079 247 1229 361 1079 283 1206 247 1229 325 1102 361
train01089.jpg 1 battery 1149 186 1203 231 1149 219 1195 186 1203 198 1157 231
train01089.jpg 1 umbrella 0 0 0 0 485 194 506 82 619 103 597 216
train01089.jpg 1 OCbottle 0 0 0 0 442 419 501 271 555 292 496 440
train01089.jpg 1 battery 0 0 0 0 964 629 982 553 1001 556 982 634
