train01230.jpg 1 metalbottle 487 247 654 403 554 222 670 338 586 422 470 306
train01230.jpg 1 knife 510 226 697 487 517 228 683 202 728 490 563 516
train01230.jpg 1 electronicequipment 550 195 699 387 589 186 700 216 651 400 540 370
train01230.jpg 1 electronicequipment 617 217 735 397 618 264 722 258 729 381 625 386
train01230.jpg 1 glassbottle 714 227 805 333 716 224 807 229 802 335 711 330
train01230.jpg 1 knife 799 217 844 341 802 215 847 218 840 342 795 339
train01230.jpg 1 lighter 660 253 709 366 674 247 712 253 693 372 655 366
train01230.jpg 1 lighter 505 241 553 372 502 244 542 238 562 362 522 368
train01230.jpg 1 metalbottle 744 256 906 454 849 238 926 288 809 468 732 418
train01230.jpg 1 OCbottle 541 370 669 472 555 365 687 416 660 488 527 437
train01230.jpg 1 battery 659 181 737 246 675 181 737 221 721 246 659 206
train01230.jpg 1 battery 694 339 742 422 694 346 722 339 742 414 714 422
train01230.jpg 1 pressure 0 0 0 0 514 644 538 547 571 555 545 653
train01230.jpg 1 battery 0 0 0 0 303 509 359 460 388 492 331 542
train01230.jpg 1 electronicequipment 0 0 0 0 772 599 819 518 858 540 810 622
