train01367.jpg 1 metalbottle 574 315 682 553 568 321 661 311 685 544 593 554
train01367.jpg 1 pressure 123 177 307 551 109 194 211 165 318 536 216 565
train01367.jpg 1 knife 180 91 391 405 381 84 413 106 207 411 175 390
train01367.jpg 1 metalbottle 256 234 466 394 249 323 439 230 477 309 287 402
train01367.jpg 1 electronicequipment 236 99 573 467 201 138 522 69 597 424 276 492
train01367.jpg 1 lighter 148 313 239 405 149 311 240 314 237 406 146 403
train01367.jpg 1 electronicequipment 178 293 320 398 207 282 322 354 285 413 170 341
train01367.jpg 1 OCbottle 852 139 987 384 913 130 995 163 901 397 819 364
train01367.jpg 1 lighter 833 152 935 259 827 168 863 142 937 245 902 271
train01367.jpg 1 lighter 839 187 873 324 836 187 870 186 875 323 841 324
train01367.jpg 1 metalbottle 374 404 519 572 370 419 492 398 519 551 397 573
train01367.jpg 1 glassbottle 850 218 935 310 850 246 898 218 935 282 887 310
train01367.jpg 1 OCbottle 342 514 529 621 342 550 514 514 529 585 357 621
train01367.jpg 1 pressure 0 0 0 0 558 499 588 469 650 531 620 561
train01367.jpg 1 battery 0 0 0 0 821 69 829 53 873 76 864 93
train01367.jpg 1 battery 0 0 0 0 96 336 96 336 96 336 96 336
