train00162.jpg 1 metalbottle 87 233 346 531 184 183 375 252 264 557 73 488
train00162.jpg 1 knife 204 325 455 562 227 314 462 533 428 569 193 350
train00162.jpg 1 knife 226 372 520 471 225 432 520 370 530 413 234 476
train00162.jpg 1 OCbottle 289 407 553 513 289 407 558 411 556 513 288 508
train00162.jpg 1 OCbottle 143 494 285 582 164 474 287 529 259 592 136 537
train00162.jpg 1 lighter 868 361 901 465 857 367 888 354 928 449 897 463
train00162.jpg 1 OCbottle 788 267 894 523 826 272 922 270 927 548 831 550
train00162.jpg 1 battery 206 468 307 543 223 468 307 503 290 543 206 508
train00162.jpg 1 battery 283 468 315 539 283 470 308 468 315 537 290 539
train00162.jpg 1 pressure 0 0 0 0 351 69 414 6 445 37 382 100
train00162.jpg 1 glassbottle 0 0 0 0 440 66 450 25 525 44 514 86
train00162.jpg 1 plasticbottle 0 0 0 0 648 176 758 35 800 67 689 208
