train01049.jpg 1 OCbottle 74 135 323 347 282 111 342 187 122 359 62 282
train01049.jpg 1 umbrella 166 256 445 505 218 246 453 457 399 517 164 306
train01049.jpg 1 pressure 166 316 462 525 235 329 465 473 428 532 198 389
train01049.jpg 1 battery 1035 479 1156 662 1029 496 1070 471 1172 641 1131 666
train01049.jpg 1 lighter 989 342 1079 452 986 350 1005 340 1040 406 1021 416
train01049.jpg 1 umbrella 928 245 1156 380 1021 261 1235 284 1224 388 1010 365
train01049.jpg 1 battery 96 387 206 506 96 408 121 387 206 485 182 506
train01049.jpg 1 OCbottle 104 308 392 572 179 318 406 530 343 598 116 386
train01049.jpg 1 glassbottle 984 360 1137 530 976 390 1051 349 1137 505 1063 546
train01049.jpg 1 OCbottle 956 318 1157 564 931 355 999 289 1198 495 1130 561
train01049.jpg 1 lighter 109 430 184 505 128 430 184 486 166 505 109 448
train01049.jpg 1 OCbottle 381 453 568 627 527 453 568 501 422 627 381 580
train01049.jpg 1 knife 215 342 339 506 215 363 306 342 339 486 248 506
train01049.jpg 1 umbrella 0 0 0 0 748 260 748 260 748 259 748 259
train01049.jpg 1 pressure 0 0 0 0 1051 429 1090 429 1090 507 1051 507
train01049.jpg 1 battery 0 0 0 0 562 621 608 621 608 669 562 669
