train00952.jpg 1 electronicequipment 87 289 498 532 114 287 513 336 487 549 88 501
train00952.jpg 1 knife 200 404 535 448 197 423 535 399 536 422 199 446
train00952.jpg 1 knife 301 388 400 543 355 371 429 398 373 551 300 524
train00952.jpg 1 electronicequipment 83 379 195 534 113 379 202 403 168 530 79 506
train00952.jpg 1 electronicequipment 196 410 337 599 240 416 333 442 288 600 195 573
train00952.jpg 1 lighter 225 273 324 314 224 288 320 273 324 299 228 314
train00952.jpg 1 lighter 987 270 1029 383 982 271 1022 264 1042 377 1002 384
train00952.jpg 1 lighter 1061 254 1144 294 1070 247 1158 264 1151 300 1063 283
train00952.jpg 1 umbrella 970 151 1144 274 981 202 1151 150 1173 221 1003 273
train00952.jpg 1 electronicequipment 1049 283 1147 364 1048 326 1151 280 1170 324 1067 370
train00952.jpg 1 OCbottle 974 318 1142 477 1157 313 1196 396 1007 484 968 401
train00952.jpg 1 metalbottle 987 465 1146 605 987 531 1112 459 1156 535 1031 607
train00952.jpg 1 umbrella 0 0 0 0 69 515 120 474 208 585 156 626
train00952.jpg 1 pressure 0 0 0 0 345 226 378 226 378 324 345 324
train00952.jpg 1 plasticbottle 0 0 0 0 891 38 948 33 964 180 906 186
