train00431.jpg 1 lighter 85 341 115 457 86 340 116 341 113 457 83 456
train00431.jpg 1 electronicequipment 94 264 201 485 114 264 198 272 179 489 95 482
train00431.jpg 1 glassbottle 131 263 271 560 198 259 274 277 207 569 131 552
train00431.jpg 1 umbrella 199 234 363 565 294 227 384 260 268 578 179 545
train00431.jpg 1 OCbottle 162 460 514 578 165 488 504 458 513 560 174 590
train00431.jpg 1 knife 239 120 451 150 239 118 451 121 450 151 238 148
train00431.jpg 1 pressure 253 132 549 267 253 132 549 132 549 267 253 267
train00431.jpg 1 umbrella 0 0 0 0 503 605 603 506 647 550 546 650
train00431.jpg 1 pressure 0 0 0 0 967 441 995 366 1034 379 1006 456
train00431.jpg 1 battery 0 0 0 0 267 369 268 368 269 369 268 370
