train00333.jpg 1 electronicequipment 132 52 727 524 336 9 721 278 519 566 134 297
train00333.jpg 1 metalbottle 324 50 516 203 339 48 527 128 493 206 306 127
train00333.jpg 1 knife 281 335 703 451 276 419 699 329 707 366 284 456
train00333.jpg 1 OCbottle 99 256 193 398 153 273 201 301 142 402 94 374
train00333.jpg 1 lighter 555 400 674 487 569 468 651 397 672 421 589 492
train00333.jpg 1 battery 1132 324 1197 480 1109 351 1190 323 1239 464 1157 492
train00333.jpg 1 battery 508 267 560 335 508 277 527 267 560 324 542 335
train00333.jpg 1 battery 479 266 513 321 479 271 495 266 513 315 497 321
train00333.jpg 1 umbrella 0 0 0 0 383 434 500 396 514 435 395 475
train00333.jpg 1 pressure 0 0 0 0 346 417 393 347 431 371 383 442
train00333.jpg 1 OCbottle 0 0 0 0 442 92 480 91 490 239 451 241
