train00056.jpg 1 knife 580 180 769 431 568 206 614 170 803 411 757 448
train00056.jpg 1 lighter 775 313 803 420 775 312 803 313 802 420 774 419
train00056.jpg 1 lighter 790 299 824 396 801 295 834 301 817 396 784 390
train00056.jpg 1 lighter 792 338 820 431 792 336 820 339 809 441 782 438
train00056.jpg 1 knife 742 197 819 297 730 214 782 181 837 269 785 301
train00056.jpg 1 metalbottle 559 270 694 434 545 294 643 254 706 409 607 449
train00056.jpg 1 OCbottle 534 130 777 303 517 234 745 118 793 210 565 327
train00056.jpg 1 OCbottle 582 90 718 201 568 146 697 83 732 154 603 217
train00056.jpg 1 OCbottle 554 463 773 586 549 497 760 456 780 558 569 599
train00056.jpg 1 OCbottle 693 231 784 431 697 232 781 229 788 428 704 431
train00056.jpg 1 pressure 0 0 0 0 434 322 440 285 518 298 511 336
train00056.jpg 1 plasticbottle 0 0 0 0 177 362 227 310 363 438 313 492
train00056.jpg 1 electronicequipment 0 0 0 0 467 24 468 16 566 20 565 29
