train00720.jpg 1 electronicequipment 112 209 491 474 124 193 497 225 474 482 101 449
train00720.jpg 1 electronicequipment 75 262 180 418 75 262 180 262 180 418 75 418
train00720.jpg 1 glassbottle 94 403 255 480 88 429 241 402 251 458 98 485
train00720.jpg 1 lighter 999 188 1036 305 989 192 1025 185 1045 300 1009 307
train00720.jpg 1 metalbottle 147 244 335 401 144 365 264 222 335 282 215 425
train00720.jpg 1 knife 987 134 1163 356 973 162 1013 127 1190 338 1149 372
train00720.jpg 1 knife 109 371 272 487 100 386 260 357 280 471 120 500
train00720.jpg 1 lighter 82 325 114 407 78 326 110 323 117 405 85 408
train00720.jpg 1 pressure 0 0 0 0 1083 368 1103 274 1135 280 1113 375
train00720.jpg 1 glassbottle 0 0 0 0 188 213 247 169 271 200 211 246
train00720.jpg 1 metalbottle 0 0 0 0 743 312 771 279 901 388 873 422
