train00646.jpg 1 pressure 967 268 1063 436 1024 267 1076 293 1005 439 952 414
train00646.jpg 1 knife 110 345 323 526 171 310 363 466 291 554 99 399
train00646.jpg 1 knife 965 407 1145 562 971 397 1161 530 1141 559 950 426
train00646.jpg 1 knife 116 288 256 583 98 300 136 283 257 567 219 583
train00646.jpg 1 lighter 130 465 232 524 130 505 232 468 241 493 139 530
train00646.jpg 1 knife 1013 462 1107 554 1015 481 1062 463 1100 556 1053 575
train00646.jpg 1 electronicequipment 962 411 1141 594 965 455 1050 394 1153 534 1068 596
train00646.jpg 1 umbrella 0 0 0 0 961 586 996 555 1091 661 1054 693
train00646.jpg 1 electronicequipment 0 0 0 0 296 349 392 194 434 219 337 375
train00646.jpg 1 lighter 0 0 0 0 937 439 981 410 987 418 942 448
