train00376.jpg 1 knife 231 116 374 167 228 127 369 105 376 150 235 172
train00376.jpg 1 electronicequipment 165 167 716 524 278 112 714 325 602 555 166 342
train00376.jpg 1 knife 194 99 626 315 239 82 635 283 586 378 191 177
train00376.jpg 1 OCbottle 120 102 344 380 120 156 215 102 344 325 249 380
train00376.jpg 1 umbrella 425 221 728 425 408 385 696 198 742 269 454 456
train00376.jpg 1 OCbottle 399 109 583 240 399 147 558 104 590 226 432 269
train00376.jpg 1 umbrella 1008 178 1110 394 1065 175 1141 202 1072 404 995 378
train00376.jpg 1 knife 1053 303 1190 394 1046 377 1169 294 1192 328 1069 412
train00376.jpg 1 umbrella 426 222 729 427 404 375 698 198 742 271 448 448
train00376.jpg 1 lighter 278 114 322 207 272 127 309 115 340 210 303 222
train00376.jpg 1 umbrella 0 0 0 0 1092 171 1092 170 1095 172 1094 172
train00376.jpg 1 battery 0 0 0 0 617 101 629 68 714 102 700 136
train00376.jpg 1 electronicequipment 0 0 0 0 796 15 831 15 831 113 796 113
