train01228.jpg 1 lighter 210 35 323 103 218 35 317 73 305 101 206 63
train01228.jpg 1 lighter 243 13 369 61 241 36 340 19 344 42 245 59
train01228.jpg 1 electronicequipment 312 16 517 119 308 21 507 10 512 104 313 115
train01228.jpg 1 electronicequipment 322 26 465 195 304 56 399 8 477 161 382 209
train01228.jpg 1 electronicequipment 466 78 674 187 475 111 657 83 669 160 487 188
train01228.jpg 1 pressure 515 18 996 192 528 11 1001 94 982 200 509 117
train01228.jpg 1 knife 716 12 858 62 716 21 854 36 852 61 714 46
train01228.jpg 1 electronicequipment 536 69 929 362 545 72 904 97 886 361 527 336
train01228.jpg 1 pressure 0 0 0 0 928 259 952 221 1023 267 998 305
train01228.jpg 1 glassbottle 0 0 0 0 300 588 375 530 397 558 320 616
train01228.jpg 1 metalbottle 0 0 0 0 1021 299 1071 299 1071 447 1021 447
