train00705.jpg 1 metalbottle 124 187 322 315 120 235 303 182 327 264 144 316
train00705.jpg 1 electronicequipment 143 254 679 542 156 282 652 247 670 506 174 541
train00705.jpg 1 knife 308 402 480 498 317 399 486 468 472 501 303 433
train00705.jpg 1 knife 227 417 491 556 237 408 492 532 478 560 223 435
train00705.jpg 1 OCbottle 227 525 507 619 205 497 507 540 495 630 192 588
train00705.jpg 1 OCbottle 197 488 454 577 195 504 450 495 452 572 198 581
train00705.jpg 1 electronicequipment 130 340 251 466 133 353 232 336 253 451 153 469
train00705.jpg 1 lighter 195 533 290 624 219 544 291 603 275 622 204 562
train00705.jpg 1 umbrella 1064 276 1193 546 1062 285 1132 268 1197 527 1127 544
train00705.jpg 1 knife 1023 300 1097 436 1027 304 1069 294 1100 421 1058 432
train00705.jpg 1 knife 1018 281 1184 455 1181 272 1218 310 1049 473 1012 435
train00705.jpg 1 electronicequipment 1004 222 1187 488 1013 238 1207 224 1223 465 1029 478
train00705.jpg 1 electronicequipment 158 274 382 397 156 300 367 263 386 368 174 406
train00705.jpg 1 battery 213 536 277 556 213 543 275 536 277 550 214 556
train00705.jpg 1 battery 127 248 167 310 127 255 151 248 167 303 143 310
train00705.jpg 1 plasticbottle 0 0 0 0 464 367 513 219 569 237 520 386
train00705.jpg 1 battery 0 0 0 0 666 154 681 150 703 227 687 232
train00705.jpg 1 electronicequipment 0 0 0 0 240 43 263 31 349 200 325 212
