train00512.jpg 1 battery 454 190 664 368 469 223 528 176 642 322 582 368
train00512.jpg 1 knife 461 198 576 528 531 191 588 204 510 540 454 527
train00512.jpg 1 knife 492 147 679 309 502 136 690 288 666 318 478 166
train00512.jpg 1 electronicequipment 585 286 767 425 653 285 768 372 714 444 599 357
train00512.jpg 1 electronicequipment 617 176 751 315 650 175 772 257 728 322 606 239
train00512.jpg 1 lighter 534 155 591 241 531 167 568 151 614 252 576 269
train00512.jpg 1 electronicequipment 546 139 748 331 561 228 599 154 795 254 757 328
train00512.jpg 1 OCbottle 561 306 818 422 555 347 806 298 824 388 572 437
train00512.jpg 1 pressure 0 0 0 0 290 384 377 337 393 365 305 413
train00512.jpg 1 glassbottle 0 0 0 0 13 166 50 153 76 222 37 235
train00512.jpg 1 battery 0 0 0 0 435 630 479 615 486 631 440 648
