train00238.jpg 1 knife 562 432 897 466 580 426 896 437 895 476 579 465
train00238.jpg 1 battery 711 359 876 431 717 373 871 368 873 425 719 430
train00238.jpg 1 lighter 780 142 875 245 772 154 798 135 870 233 843 252
train00238.jpg 1 knife 1040 215 1118 328 1027 235 1076 209 1129 308 1080 334
train00238.jpg 1 electronicequipment 659 263 824 340 676 249 848 298 832 351 660 302
train00238.jpg 1 OCbottle 1109 247 1196 431 1101 275 1179 237 1259 402 1181 440
train00238.jpg 1 OCbottle 671 173 869 307 693 165 882 250 853 315 664 230
train00238.jpg 1 battery 669 411 722 509 657 415 700 404 722 491 679 502
train00238.jpg 1 knife 607 443 880 505 612 433 876 489 870 518 606 462
train00238.jpg 1 electronicequipment 653 406 836 483 662 427 811 412 816 461 667 476
train00238.jpg 1 battery 364 238 441 326 378 238 441 249 427 326 364 315
train00238.jpg 1 battery 757 266 823 291 757 266 823 266 823 291 757 291
train00238.jpg 1 umbrella 0 0 0 0 405 121 406 90 525 97 523 129
train00238.jpg 1 umbrella 0 0 0 0 926 304 1001 195 1040 221 965 331
train00238.jpg 1 lighter 0 0 0 0 194 479 196 471 246 486 243 495
