train00260.jpg 1 electronicequipment 144 187 548 426 144 202 539 181 551 409 156 430
train00260.jpg 1 umbrella 302 219 492 489 417 225 486 260 362 502 293 467
train00260.jpg 1 knife 216 322 587 543 290 285 598 509 528 604 220 380
train00260.jpg 1 knife 169 499 515 562 170 496 521 509 519 565 168 552
train00260.jpg 1 OCbottle 92 372 217 547 79 383 179 355 229 528 129 557
train00260.jpg 1 metalbottle 989 288 1107 550 985 308 1070 291 1118 542 1033 559
train00260.jpg 1 knife 1005 210 1056 475 993 210 1032 205 1065 474 1026 479
train00260.jpg 1 knife 1068 291 1123 480 1084 286 1125 291 1100 490 1059 485
train00260.jpg 1 electronicequipment 1069 322 1156 522 1055 361 1146 321 1219 485 1128 525
train00260.jpg 1 electronicequipment 1040 206 1157 397 1027 225 1131 197 1178 372 1074 400
train00260.jpg 1 electronicequipment 116 256 208 388 113 253 197 252 200 387 116 388
train00260.jpg 1 lighter 141 392 184 491 140 368 177 368 177 481 140 481
train00260.jpg 1 metalbottle 219 207 367 373 209 207 361 202 367 373 215 378
train00260.jpg 1 OCbottle 178 522 390 629 182 519 391 534 384 635 175 620
train00260.jpg 1 glassbottle 0 0 0 0 1067 358 1077 321 1148 341 1137 379
train00260.jpg 1 plasticbottle 0 0 0 0 659 213 683 65 724 71 699 220
train00260.jpg 1 electronicequipment 0 0 0 0 470 355 480 323 650 376 640 409
