train00557.jpg 1 glassbottle 113 135 227 438 107 137 221 133 232 435 118 439
train00557.jpg 1 knife 130 78 481 285 151 66 485 275 455 322 121 114
train00557.jpg 1 glassbottle 209 264 335 429 187 289 262 249 345 403 270 443
train00557.jpg 1 glassbottle 227 170 583 325 231 166 591 191 581 330 221 305
train00557.jpg 1 knife 208 63 268 262 238 60 278 69 236 264 196 255
train00557.jpg 1 knife 1004 289 1064 381 999 295 1046 283 1069 374 1022 386
train00557.jpg 1 OCbottle 77 86 245 469 77 102 193 86 245 453 129 469
train00557.jpg 1 umbrella 0 0 0 0 853 224 893 181 996 278 955 321
train00557.jpg 1 plasticbottle 0 0 0 0 768 619 801 472 843 481 809 629
train00557.jpg 1 metalbottle 0 0 0 0 768 232 774 194 922 218 916 257
