train00406.jpg 1 umbrella 454 396 821 478 460 401 821 401 821 477 460 477
train00406.jpg 1 pressure 591 224 775 374 636 198 792 329 738 393 582 263
train00406.jpg 1 umbrella 424 100 764 193 428 101 765 124 759 209 422 186
train00406.jpg 1 OCbottle 407 246 697 423 444 230 713 362 666 457 397 326
train00406.jpg 1 knife 681 256 821 412 678 269 799 244 829 385 708 410
train00406.jpg 1 lighter 723 394 781 496 754 393 791 405 760 500 723 488
train00406.jpg 1 OCbottle 521 199 667 317 548 180 687 260 644 336 505 255
train00406.jpg 1 lighter 700 384 763 467 737 379 773 396 737 477 700 460
train00406.jpg 1 battery 726 174 761 240 726 179 746 174 761 235 741 240
train00406.jpg 1 battery 704 181 739 254 704 185 729 181 739 251 714 254
train00406.jpg 1 pressure 0 0 0 0 554 160 588 86 626 103 591 178
train00406.jpg 1 glassbottle 0 0 0 0 763 614 834 596 844 635 773 654
train00406.jpg 1 plasticbottle 0 0 0 0 936 465 994 318 1045 338 986 485
