train00833.jpg 1 electronicequipment 406 412 565 604 408 420 512 386 580 593 476 627
train00833.jpg 1 pressure 368 241 546 441 509 230 564 278 409 457 354 409
train00833.jpg 1 knife 469 482 545 617 470 481 546 482 543 617 467 616
train00833.jpg 1 lighter 597 186 652 313 606 188 650 190 643 320 599 318
train00833.jpg 1 lighter 566 450 603 574 570 448 616 450 611 581 565 580
train00833.jpg 1 glassbottle 818 216 939 526 818 226 902 216 939 516 855 526
train00833.jpg 1 knife 796 272 864 444 834 267 874 277 830 452 790 442
train00833.jpg 1 OCbottle 820 337 910 554 862 308 974 336 916 572 804 544
train00833.jpg 1 battery 450 338 514 388 450 368 503 338 514 357 461 388
train00833.jpg 1 glassbottle 833 119 969 323 833 144 889 119 969 298 913 323
train00833.jpg 1 umbrella 0 0 0 0 556 111 567 65 686 94 674 141
train00833.jpg 1 glassbottle 0 0 0 0 205 442 227 438 242 516 218 520
train00833.jpg 1 metalbottle 0 0 0 0 263 146 401 75 419 109 281 182
