train00132.jpg 1 metalbottle 189 193 479 365 184 278 455 190 483 275 211 363
train00132.jpg 1 OCbottle 145 108 387 319 146 274 337 90 405 161 215 345
train00132.jpg 1 electronicequipment 249 195 409 296 243 237 387 193 405 251 261 295
train00132.jpg 1 battery 261 9 422 182 234 119 355 -5 436 72 315 197
train00132.jpg 1 knife 58 184 369 323 44 302 362 180 376 216 58 338
train00132.jpg 1 knife 111 233 245 295 111 282 239 228 251 257 124 312
train00132.jpg 1 electronicequipment 85 322 167 383 108 306 166 357 132 395 74 343
train00132.jpg 1 glassbottle 0 0 0 0 77 249 97 241 127 314 106 323
train00132.jpg 1 battery 0 0 0 0 362 217 389 143 409 149 381 224
train00132.jpg 1 electronicequipment 0 0 0 0 34 315 36 272 136 278 133 322
