train00595.jpg 1 knife 1041 263 1113 390 1077 256 1117 268 1078 394 1038 382
train00595.jpg 1 pressure 1029 141 1199 359 1124 150 1209 208 1092 382 1006 324
train00595.jpg 1 glassbottle 999 46 1111 369 1004 44 1116 48 1105 370 993 366
train00595.jpg 1 glassbottle 1101 56 1191 347 1108 53 1192 58 1177 349 1093 344
train00595.jpg 1 glassbottle 1144 103 1197 409 1163 101 1225 107 1193 409 1132 402
train00595.jpg 1 OCbottle 1048 349 1175 450 1030 400 1115 329 1176 402 1092 473
train00595.jpg 1 pressure 360 231 716 453 373 393 686 220 721 284 408 457
train00595.jpg 1 knife 292 309 480 411 292 386 472 303 489 340 309 423
train00595.jpg 1 electronicequipment 206 50 594 272 206 46 592 46 592 273 206 273
train00595.jpg 1 battery 278 258 343 328 278 258 343 258 343 328 278 328
train00595.jpg 1 umbrella 0 0 0 0 548 607 570 562 687 620 665 666
train00595.jpg 1 OCbottle 0 0 0 0 391 290 532 192 570 246 428 345
train00595.jpg 1 electronicequipment 0 0 0 0 169 185 180 182 211 280 199 284
