train01121.jpg 1 electronicequipment 503 350 732 485 524 343 733 395 712 483 502 430
train01121.jpg 1 OCbottle 310 422 558 605 307 546 517 394 569 466 359 618
train01121.jpg 1 knife 410 160 823 414 420 155 832 322 791 423 379 256
train01121.jpg 1 electronicequipment 838 157 1033 288 829 211 1010 152 1038 239 858 298
train01121.jpg 1 lighter 632 21 761 65 629 32 766 8 772 40 635 64
train01121.jpg 1 lighter 903 12 993 100 911 28 940 6 1000 88 970 109
train01121.jpg 1 electronicequipment 575 5 784 129 580 16 774 -4 786 110 592 130
train01121.jpg 1 metalbottle 721 4 988 265 911 -14 1017 142 799 289 693 133
train01121.jpg 1 battery 392 276 438 309 392 277 437 276 438 308 393 309
train01121.jpg 1 OCbottle 257 59 440 138 257 90 432 59 440 107 265 138
train01121.jpg 1 glassbottle 0 0 0 0 941 543 974 516 1025 575 991 603
train01121.jpg 1 electronicequipment 0 0 0 0 545 93 547 58 647 65 644 101
train01121.jpg 1 electronicequipment 0 0 0 0 663 336 682 212 845 237 825 362
