train00653.jpg 1 pressure 84 12 487 206 72 127 415 15 445 108 102 220
train00653.jpg 1 OCbottle 189 128 452 374 168 324 393 99 473 178 248 403
train00653.jpg 1 umbrella 140 34 463 265 111 199 437 33 477 112 151 278
train00653.jpg 1 knife 105 214 199 332 91 220 160 189 216 316 147 347
train00653.jpg 1 electronicequipment 166 214 332 397 158 237 262 197 332 378 228 418
train00653.jpg 1 OCbottle 832 220 1115 482 788 452 1046 194 1124 271 866 529
train00653.jpg 1 OCbottle 821 496 1032 626 845 471 1044 586 1007 650 808 535
train00653.jpg 1 umbrella 910 272 1176 528 882 487 1116 253 1190 328 956 562
train00653.jpg 1 lighter 907 320 1000 404 919 380 1004 276 1042 306 957 410
train00653.jpg 1 lighter 884 356 964 432 852 447 944 345 976 373 884 475
train00653.jpg 1 electronicequipment 906 199 1028 361 1010 205 1054 280 922 357 878 282
train00653.jpg 1 OCbottle 1079 155 1194 298 1102 141 1236 192 1195 300 1061 249
train00653.jpg 1 electronicequipment 935 326 1189 569 964 315 1227 329 1214 571 951 557
train00653.jpg 1 electronicequipment 118 73 381 242 118 112 361 73 381 203 138 242
train00653.jpg 1 battery 105 42 153 158 105 45 148 42 153 155 110 158
train00653.jpg 1 plasticbottle 0 0 0 0 267 142 296 95 440 185 410 232
train00653.jpg 1 battery 0 0 0 0 312 156 387 133 394 153 318 177
train00653.jpg 1 lighter 0 0 0 0 155 394 165 393 171 441 161 442
