train00548.jpg 1 glassbottle 113 41 220 276 89 54 186 34 235 263 138 283
train00548.jpg 1 lighter 219 78 258 200 216 78 255 77 260 199 221 200
train00548.jpg 1 lighter 225 193 326 294 258 187 326 255 301 280 233 212
train00548.jpg 1 metalbottle 115 225 277 329 107 248 267 214 285 299 125 334
train00548.jpg 1 knife 87 200 357 552 70 211 106 184 370 535 335 562
train00548.jpg 1 OCbottle 215 127 346 407 210 122 313 106 361 406 257 422
train00548.jpg 1 OCbottle 329 187 449 380 357 187 449 202 421 380 329 365
train00548.jpg 1 OCbottle 309 314 453 395 309 312 453 315 452 396 308 393
train00548.jpg 1 metalbottle 445 134 531 352 446 133 532 134 529 352 443 351
train00548.jpg 1 electronicequipment 255 112 440 199 260 112 433 139 423 206 250 179
train00548.jpg 1 electronicequipment 313 196 460 260 313 199 454 201 453 253 312 250
train00548.jpg 1 glassbottle 929 105 1019 324 917 124 1002 93 1077 299 992 329
train00548.jpg 1 battery 39 204 91 271 49 204 91 212 81 271 39 263
train00548.jpg 1 battery 275 84 351 131 282 84 351 101 343 131 275 114
train00548.jpg 1 glassbottle 282 30 383 152 301 30 383 45 364 152 282 138
train00548.jpg 1 battery 255 179 311 240 255 191 269 179 311 227 297 240
train00548.jpg 1 umbrella 0 0 0 0 552 458 668 420 679 451 562 490
train00548.jpg 1 OCbottle 0 0 0 0 367 387 502 255 538 290 401 423
train00548.jpg 1 battery 0 0 0 0 774 75 778 27 799 28 794 77
