train00644.jpg 1 OCbottle 140 172 415 303 146 158 424 197 407 315 129 276
train00644.jpg 1 pressure 164 178 594 375 158 291 570 173 595 260 183 378
train00644.jpg 1 knife 173 159 591 377 149 292 552 96 593 181 190 377
train00644.jpg 1 electronicequipment 155 272 572 550 165 365 515 264 568 450 219 550
train00644.jpg 1 metalbottle 177 468 397 557 184 465 394 487 386 561 176 539
train00644.jpg 1 lighter 138 358 174 492 134 359 170 357 177 490 141 492
train00644.jpg 1 lighter 173 391 256 485 192 386 260 473 235 492 168 406
train00644.jpg 1 knife 942 167 1144 300 971 132 1189 243 1144 331 926 220
train00644.jpg 1 OCbottle 139 309 478 469 138 370 462 289 487 388 163 469
train00644.jpg 1 umbrella 0 0 0 0 321 449 439 449 439 480 321 480
train00644.jpg 1 umbrella 0 0 0 0 459 259 577 249 581 288 462 300
train00644.jpg 1 plasticbottle 0 0 0 0 362 534 397 512 488 652 451 675
