train01441.jpg 1 glassbottle 403 174 624 281 418 165 634 227 614 296 398 233
train01441.jpg 1 knife 327 190 515 457 322 207 348 189 532 443 507 461
train01441.jpg 1 battery 266 104 441 214 263 115 425 106 430 210 268 218
train01441.jpg 1 lighter 513 149 631 238 522 151 634 216 619 243 506 178
train01441.jpg 1 umbrella 297 211 668 363 308 186 670 284 648 366 286 269
train01441.jpg 1 electronicequipment 850 283 965 372 850 290 967 286 970 369 853 373
train01441.jpg 1 lighter 482 147 605 214 487 153 607 185 598 218 478 186
train01441.jpg 1 pressure 393 223 739 411 431 219 739 356 702 440 394 302
train01441.jpg 1 lighter 398 111 440 221 399 111 441 108 450 220 409 223
train01441.jpg 1 battery 879 363 935 441 879 375 900 363 935 430 914 441
train01441.jpg 1 battery 306 59 513 201 306 92 494 59 513 167 325 201
train01441.jpg 1 battery 482 186 537 214 482 193 534 186 537 208 485 214
train01441.jpg 1 pressure 0 0 0 0 115 479 152 477 158 554 119 557
train01441.jpg 1 plasticbottle 0 0 0 0 194 132 233 126 258 273 218 280
train01441.jpg 1 lighter 0 0 0 0 67 579 68 570 117 578 115 588
