train00261.jpg 1 metalbottle 382 268 503 575 378 277 484 269 505 566 399 574
train00261.jpg 1 umbrella 139 290 279 562 135 302 204 285 269 546 200 563
train00261.jpg 1 knife 100 310 180 450 102 323 146 312 177 434 132 445
train00261.jpg 1 electronicequipment 88 224 586 500 89 249 562 216 580 464 106 497
train00261.jpg 1 knife 104 278 320 468 88 446 276 277 307 312 120 481
train00261.jpg 1 lighter 174 211 287 267 184 203 288 241 279 266 175 228
train00261.jpg 1 lighter 602 290 655 410 623 290 650 293 638 411 611 408
train00261.jpg 1 knife 1050 396 1193 536 1042 514 1213 381 1236 410 1065 543
train00261.jpg 1 electronicequipment 1031 214 1149 396 1044 219 1147 223 1141 394 1038 391
train00261.jpg 1 electronicequipment 1016 349 1157 488 1054 342 1157 371 1122 496 1018 466
train00261.jpg 1 lighter 1043 171 1133 266 1117 170 1135 190 1064 254 1046 234
train00261.jpg 1 knife 1019 190 1134 293 1141 205 1042 308 1021 287 1120 185
train00261.jpg 1 pressure 0 0 0 0 15 350 85 311 105 345 34 385
train00261.jpg 1 pressure 0 0 0 0 832 355 835 324 935 337 930 369
train00261.jpg 1 electronicequipment 0 0 0 0 27 128 128 83 141 111 39 157
