train00253.jpg 1 metalbottle 75 198 219 392 52 226 152 186 226 370 126 410
train00253.jpg 1 metalbottle 310 160 436 338 291 189 393 156 447 323 346 356
train00253.jpg 1 electronicequipment 119 363 677 499 121 369 599 386 595 484 117 468
train00253.jpg 1 lighter 447 173 538 199 407 175 539 170 540 211 408 216
train00253.jpg 1 knife 208 329 494 401 206 367 491 322 498 367 214 412
train00253.jpg 1 lighter 114 201 246 239 113 204 244 197 246 235 115 242
train00253.jpg 1 electronicequipment 661 211 714 351 661 215 699 211 714 347 676 351
train00253.jpg 1 pressure 0 0 0 0 510 227 550 209 585 283 544 302
train00253.jpg 1 battery 0 0 0 0 632 93 642 77 688 103 677 121
train00253.jpg 1 lighter 0 0 0 0 616 131 623 125 661 168 653 175
