train00667.jpg 1 electronicequipment 230 271 414 434 274 243 419 348 348 446 203 340
train00667.jpg 1 metalbottle 389 217 593 293 384 217 587 221 586 294 383 291
train00667.jpg 1 OCbottle 265 81 490 244 290 71 508 154 466 262 249 179
train00667.jpg 1 knife 201 311 306 428 190 330 235 296 317 405 272 439
train00667.jpg 1 knife 913 171 987 278 904 188 930 164 1012 254 985 278
train00667.jpg 1 metalbottle 831 85 987 293 926 75 1022 126 924 310 828 259
train00667.jpg 1 umbrella 231 273 621 339 230 276 620 269 621 335 231 342
train00667.jpg 1 lighter 886 310 970 407 882 319 924 299 969 395 926 415
train00667.jpg 1 lighter 871 329 952 418 869 330 950 327 953 416 872 419
train00667.jpg 1 umbrella 0 0 0 0 451 160 483 135 576 249 543 276
train00667.jpg 1 glassbottle 0 0 0 0 752 176 811 110 839 135 779 202
train00667.jpg 1 battery 0 0 0 0 590 153 590 153 590 153 590 153
