train01136.jpg 1 pressure 224 321 632 434 221 347 627 319 633 407 228 436
train01136.jpg 1 metalbottle 378 92 628 358 556 69 649 147 449 385 356 307
train01136.jpg 1 umbrella 590 137 732 426 662 125 745 149 663 432 581 408
train01136.jpg 1 lighter 323 268 370 384 319 270 353 265 369 383 336 388
train01136.jpg 1 electronicequipment 350 204 874 503 343 270 832 184 876 435 388 521
train01136.jpg 1 OCbottle 341 407 716 541 336 466 704 401 722 506 355 571
train01136.jpg 1 metalbottle 981 242 1086 412 1008 232 1092 250 1057 417 972 399
train01136.jpg 1 electronicequipment 1048 144 1199 251 1051 167 1190 143 1205 228 1066 253
train01136.jpg 1 battery 1008 126 1192 276 1008 218 1156 126 1192 183 1044 276
train01136.jpg 1 battery 414 158 477 203 414 164 473 158 477 197 418 203
train01136.jpg 1 OCbottle 0 0 0 0 102 358 123 303 268 360 246 416
train01136.jpg 1 electronicequipment 0 0 0 0 35 511 39 413 47 414 42 512
train01136.jpg 1 electronicequipment 0 0 0 0 924 475 925 452 1103 455 1102 478
