train00418.jpg 1 metalbottle 235 348 402 532 229 387 295 339 406 492 340 540
train00418.jpg 1 lighter 199 447 239 501 226 446 245 460 213 504 193 490
train00418.jpg 1 battery 143 258 299 443 241 253 302 305 177 454 116 402
train00418.jpg 1 knife 118 219 223 334 193 211 235 245 158 341 115 307
train00418.jpg 1 OCbottle 209 165 432 307 226 163 443 225 418 310 202 248
train00418.jpg 1 lighter 852 354 895 455 864 351 895 353 888 447 857 445
train00418.jpg 1 OCbottle 206 331 448 440 214 336 452 374 442 438 203 400
train00418.jpg 1 electronicequipment 785 134 893 569 786 152 903 144 932 558 815 567
train00418.jpg 1 battery 807 256 829 304 807 257 826 256 829 303 810 304
train00418.jpg 1 pressure 0 0 0 0 553 504 577 480 657 559 632 584
train00418.jpg 1 battery 0 0 0 0 225 41 225 41 225 41 225 41
train00418.jpg 1 electronicequipment 0 0 0 0 593 60 612 31 715 99 695 128
