train00950.jpg 1 lighter 139 312 207 434 141 315 176 309 200 432 165 439
train00950.jpg 1 electronicequipment 151 227 336 398 228 218 341 331 266 407 152 293
train00950.jpg 1 metalbottle 215 84 416 242 190 174 387 86 423 167 226 254
train00950.jpg 1 lighter 266 233 328 348 293 226 323 233 296 349 266 342
train00950.jpg 1 pressure 242 168 409 296 268 152 404 237 368 295 231 210
train00950.jpg 1 electronicequipment 287 221 832 552 362 153 825 260 748 594 284 487
train00950.jpg 1 metalbottle 315 420 513 526 323 417 519 448 506 526 310 495
train00950.jpg 1 lighter 1135 363 1186 469 1139 370 1162 363 1192 461 1169 468
train00950.jpg 1 battery 639 192 711 230 644 192 711 209 706 230 639 214
train00950.jpg 1 battery 487 426 539 500 487 426 539 426 539 500 487 500
train00950.jpg 1 battery 425 410 508 452 431 410 508 425 502 452 425 437
train00950.jpg 1 battery 294 157 329 222 309 157 329 162 314 222 294 217
train00950.jpg 1 glassbottle 0 0 0 0 539 265 546 226 620 239 612 279
train00950.jpg 1 electronicequipment 0 0 0 0 488 583 584 536 590 547 493 595
train00950.jpg 1 lighter 0 0 0 0 536 131 553 118 588 162 571 176
