train00058.jpg 1 electronicequipment 112 228 326 460 93 275 192 202 336 400 236 472
train00058.jpg 1 glassbottle 179 225 330 478 252 212 342 244 250 496 160 463
train00058.jpg 1 metalbottle 288 261 454 405 329 246 471 335 412 430 269 341
train00058.jpg 1 pressure 225 354 641 591 214 525 610 349 646 430 250 606
train00058.jpg 1 pressure 246 270 548 523 230 462 509 260 562 333 284 536
train00058.jpg 1 battery 218 352 379 548 298 326 387 374 292 554 202 507
train00058.jpg 1 lighter 1092 306 1125 418 1087 303 1114 299 1129 408 1102 411
train00058.jpg 1 lighter 1092 297 1126 405 1085 304 1117 299 1131 402 1100 406
train00058.jpg 1 battery 144 394 224 468 144 445 205 394 224 417 163 468
train00058.jpg 1 OCbottle 204 78 444 217 204 141 422 78 444 154 226 217
train00058.jpg 1 glassbottle 0 0 0 0 372 580 399 555 460 619 433 645
train00058.jpg 1 metalbottle 0 0 0 0 384 242 518 150 542 184 407 276
train00058.jpg 1 battery 0 0 0 0 900 575 900 575 900 575 900 575
