train00108.jpg 1 knife 232 166 410 282 227 216 396 164 411 212 241 263
train00108.jpg 1 lighter 411 290 475 387 435 298 458 305 431 389 408 381
train00108.jpg 1 electronicequipment 339 314 481 458 413 289 484 320 412 481 341 450
train00108.jpg 1 pressure 140 146 363 480 307 139 378 177 202 493 132 454
train00108.jpg 1 glassbottle 489 234 515 274 484 238 509 231 519 269 494 276
train00108.jpg 1 glassbottle 459 231 490 281 452 235 474 227 490 270 468 278
train00108.jpg 1 lighter 661 313 736 418 728 319 749 325 721 421 701 415
train00108.jpg 1 lighter 678 520 712 615 682 531 705 530 711 613 688 614
train00108.jpg 1 electronicequipment 659 471 736 592 667 473 741 473 741 584 667 584
train00108.jpg 1 pressure 0 0 0 0 153 555 183 544 219 639 188 650
train00108.jpg 1 battery 0 0 0 0 618 451 629 432 698 472 687 492
train00108.jpg 1 electronicequipment 0 0 0 0 300 182 374 108 404 137 329 212
