train00311.jpg 1 electronicequipment 214 192 616 655 213 224 574 186 620 624 259 662
train00311.jpg 1 metalbottle 629 347 736 618 626 347 733 346 738 617 631 618
train00311.jpg 1 battery 197 445 266 646 197 457 246 451 270 643 221 649
train00311.jpg 1 knife 281 328 452 609 268 338 309 314 456 559 416 583
train00311.jpg 1 knife 364 533 519 615 362 582 505 521 528 575 385 636
train00311.jpg 1 lighter 456 576 559 622 474 600 583 567 592 595 483 628
train00311.jpg 1 knife 881 474 995 562 865 533 1001 463 1022 503 885 573
train00311.jpg 1 umbrella 0 0 0 0 778 224 896 195 905 231 787 261
train00311.jpg 1 electronicequipment 0 0 0 0 552 232 569 221 626 311 608 323
train00311.jpg 1 lighter 0 0 0 0 676 520 701 476 711 481 685 526
