train00621.jpg 1 knife 289 147 747 224 290 158 689 158 689 228 290 228
train00621.jpg 1 electronicequipment 309 41 515 153 305 46 515 35 522 156 312 167
train00621.jpg 1 electronicequipment 396 32 509 221 392 34 505 30 512 218 399 222
train00621.jpg 1 electronicequipment 139 170 329 331 136 273 262 148 337 223 212 349
train00621.jpg 1 lighter 116 163 155 282 121 161 160 164 149 283 110 280
train00621.jpg 1 lighter 135 143 236 182 136 136 258 153 252 197 129 180
train00621.jpg 1 knife 472 168 614 224 477 160 618 190 609 233 468 203
train00621.jpg 1 umbrella 187 121 537 243 194 103 520 137 508 256 181 221
train00621.jpg 1 battery 1167 91 1198 165 1170 91 1198 92 1195 165 1167 164
train00621.jpg 1 umbrella 0 0 0 0 412 124 431 85 545 142 525 182
train00621.jpg 1 OCbottle 0 0 0 0 212 230 360 230 360 281 212 281
train00621.jpg 1 battery 0 0 0 0 734 318 779 299 786 316 740 335
