train00737.jpg 1 knife 136 220 206 337 180 208 220 225 164 352 123 334
train00737.jpg 1 electronicequipment 238 209 472 367 265 313 329 169 425 212 361 356
train00737.jpg 1 OCbottle 181 127 390 259 178 188 372 121 402 210 208 277
train00737.jpg 1 OCbottle 374 108 595 354 374 172 463 108 595 290 507 354
train00737.jpg 1 electronicequipment 196 209 400 355 184 252 355 225 376 355 204 382
train00737.jpg 1 knife 174 147 526 284 182 268 519 138 529 163 191 293
train00737.jpg 1 lighter 383 248 488 321 476 248 488 269 394 321 383 300
train00737.jpg 1 battery 312 277 402 346 312 320 387 277 402 303 327 346
train00737.jpg 1 battery 839 400 899 459 884 400 899 415 853 459 839 444
train00737.jpg 1 battery 835 435 890 495 874 435 890 448 850 495 835 482
train00737.jpg 1 glassbottle 0 0 0 0 706 518 747 505 772 578 730 592
train00737.jpg 1 electronicequipment 0 0 0 0 510 429 535 339 577 350 551 441
train00737.jpg 1 lighter 0 0 0 0 408 650 415 637 458 659 450 673
