train00626.jpg 1 knife 166 184 637 325 161 200 627 167 636 295 170 328
train00626.jpg 1 glassbottle 215 168 505 347 215 286 490 164 518 228 243 350
train00626.jpg 1 knife 239 369 593 586 250 363 590 544 568 586 228 405
train00626.jpg 1 metalbottle 268 474 407 617 273 498 344 463 409 597 338 632
train00626.jpg 1 lighter 215 358 306 473 281 351 311 372 241 473 210 452
train00626.jpg 1 knife 212 216 516 413 202 391 494 222 508 247 216 415
train00626.jpg 1 lighter 1061 366 1143 461 1068 382 1096 364 1149 449 1121 467
train00626.jpg 1 umbrella 0 0 0 0 200 142 260 27 316 55 256 171
train00626.jpg 1 glassbottle 0 0 0 0 445 51 465 48 482 124 462 128
train00626.jpg 1 battery 0 0 0 0 755 523 757 505 805 511 802 530
