train00821.jpg 1 umbrella 449 156 536 451 446 162 517 150 564 444 493 456
train00821.jpg 1 battery 334 374 551 473 341 394 537 370 547 445 350 469
train00821.jpg 1 pressure 155 130 395 443 314 152 381 196 215 452 147 408
train00821.jpg 1 electronicequipment 595 170 714 372 597 190 702 187 708 363 604 367
train00821.jpg 1 electronicequipment 522 163 718 293 524 226 699 169 722 240 547 297
train00821.jpg 1 pressure 555 112 631 311 581 113 635 123 597 319 543 308
train00821.jpg 1 battery 717 212 776 289 717 225 751 212 776 275 743 289
train00821.jpg 1 metalbottle 0 0 0 0 723 472 842 343 876 373 755 503
train00821.jpg 1 battery 0 0 0 0 1007 660 1051 630 1063 647 1018 678
train00821.jpg 1 electronicequipment 0 0 0 0 394 151 394 151 394 151 394 151
