train00440.jpg 1 pressure 230 216 636 430 224 334 664 183 698 280 257 432
train00440.jpg 1 glassbottle 159 349 463 454 154 393 450 335 464 405 168 462
train00440.jpg 1 knife 152 343 564 541 152 477 548 333 579 419 183 563
train00440.jpg 1 knife 214 369 658 443 213 407 655 368 659 407 216 446
train00440.jpg 1 lighter 363 441 513 482 361 446 511 435 514 476 364 487
train00440.jpg 1 knife 242 518 285 697 240 518 283 517 286 696 243 697
train00440.jpg 1 lighter 211 541 255 659 202 553 238 546 257 655 221 661
train00440.jpg 1 pressure 0 0 0 0 293 145 307 68 354 76 338 154
train00440.jpg 1 glassbottle 0 0 0 0 21 624 54 561 91 580 57 644
train00440.jpg 1 battery 0 0 0 0 161 175 244 126 267 164 183 214
