train01316.jpg 1 electronicequipment 194 68 717 385 198 140 671 56 719 327 246 410
train01316.jpg 1 electronicequipment 574 200 754 334 584 244 658 182 754 297 680 359
train01316.jpg 1 battery 421 190 605 374 530 188 596 234 493 380 428 334
train01316.jpg 1 battery 906 376 1106 513 929 392 1101 420 1088 499 916 472
train01316.jpg 1 lighter 443 434 594 458 452 439 595 442 594 458 451 455
train01316.jpg 1 lighter 668 381 752 451 732 385 748 405 685 456 669 436
train01316.jpg 1 pressure 349 105 541 245 377 93 549 200 515 255 343 148
train01316.jpg 1 battery 422 407 542 435 423 407 542 409 542 435 422 433
train01316.jpg 1 glassbottle 0 0 0 0 358 634 400 571 437 594 393 659
train01316.jpg 1 metalbottle 0 0 0 0 670 316 704 294 793 427 759 450
train01316.jpg 1 lighter 0 0 0 0 291 498 292 493 340 497 339 503
