train00091.jpg 1 battery 100 58 244 266 91 66 159 37 252 254 183 283
train00091.jpg 1 glassbottle 283 69 457 333 265 99 382 52 484 304 367 351
train00091.jpg 1 knife 198 44 267 148 225 30 269 45 228 159 184 143
train00091.jpg 1 pressure 224 132 381 396 208 154 296 120 395 376 306 410
train00091.jpg 1 lighter 266 6 369 70 289 -9 383 61 364 85 270 15
train00091.jpg 1 lighter 325 6 452 33 323 -2 450 -2 450 24 323 24
train00091.jpg 1 metalbottle 226 10 546 396 198 63 420 -30 581 349 359 443
train00091.jpg 1 battery 260 52 321 139 296 52 321 64 284 139 260 127
train00091.jpg 1 pressure 0 0 0 0 710 40 806 12 816 43 719 72
train00091.jpg 1 electronicequipment 0 0 0 0 260 316 265 308 360 369 354 378
train00091.jpg 1 electronicequipment 0 0 0 0 683 431 721 406 826 562 786 588
