train01412.jpg 1 knife 262 52 465 214 279 47 472 192 449 222 256 77
train01412.jpg 1 pressure 173 245 399 480 167 439 348 245 404 298 223 491
train01412.jpg 1 umbrella 173 112 291 427 230 114 301 128 243 429 171 415
train01412.jpg 1 electronicequipment 125 194 207 346 121 198 173 185 210 335 159 348
train01412.jpg 1 electronicequipment 93 120 171 302 90 136 160 129 179 306 108 314
train01412.jpg 1 lighter 92 174 203 260 95 180 196 224 181 258 81 213
train01412.jpg 1 battery 82 108 113 214 82 109 109 108 113 213 85 214
train01412.jpg 1 OCbottle 0 0 0 0 714 452 749 305 790 314 755 462
train01412.jpg 1 electronicequipment 0 0 0 0 34 65 123 12 136 32 45 86
train01412.jpg 1 electronicequipment 0 0 0 0 495 203 626 2 669 29 537 231
