train00446.jpg 1 metalbottle 110 160 426 288 107 216 395 160 409 234 122 290
train00446.jpg 1 pressure 164 145 510 320 158 248 491 139 515 214 182 323
train00446.jpg 1 electronicequipment 70 259 306 403 67 307 290 268 310 379 87 418
train00446.jpg 1 battery 263 255 400 401 327 265 408 331 349 404 268 338
train00446.jpg 1 lighter 404 311 511 357 403 326 512 307 518 343 409 362
train00446.jpg 1 umbrella 134 241 470 391 124 334 456 239 476 308 144 403
train00446.jpg 1 metalbottle 352 223 512 334 352 231 507 223 512 326 357 334
train00446.jpg 1 battery 268 350 341 409 268 393 329 350 341 366 280 409
train00446.jpg 1 OCbottle 0 0 0 0 85 353 130 344 159 491 113 500
train00446.jpg 1 electronicequipment 0 0 0 0 446 221 469 46 498 50 475 225
train00446.jpg 1 lighter 0 0 0 0 29 239 50 192 58 195 35 242
