train01363.jpg 1 lighter 624 38 707 138 619 60 657 32 719 117 681 145
train01363.jpg 1 lighter 720 45 763 169 717 46 758 43 767 164 725 167
train01363.jpg 1 metalbottle 504 152 719 271 516 143 722 179 705 277 499 241
train01363.jpg 1 electronicequipment 363 112 748 377 380 104 753 144 727 392 354 353
train01363.jpg 1 pressure 368 170 739 409 358 338 714 164 756 249 399 423
train01363.jpg 1 OCbottle 498 352 770 465 492 366 764 337 776 443 503 472
train01363.jpg 1 knife 370 151 768 330 358 302 761 140 777 178 374 341
train01363.jpg 1 knife 1082 200 1169 478 1035 222 1119 194 1208 468 1124 496
train01363.jpg 1 pressure 0 0 0 0 578 42 603 20 676 101 649 125
train01363.jpg 1 metalbottle 0 0 0 0 790 256 791 255 798 268 796 268
train01363.jpg 1 battery 0 0 0 0 427 458 443 444 480 485 464 500
