train00978.jpg 1 OCbottle 96 154 305 264 90 196 292 149 309 223 107 270
train00978.jpg 1 pressure 108 122 356 288 128 201 337 121 360 181 151 261
train00978.jpg 1 lighter 246 235 358 269 246 233 358 236 357 270 245 267
train00978.jpg 1 lighter 293 243 400 297 291 268 407 242 415 276 299 303
train00978.jpg 1 metalbottle 264 154 564 306 258 213 547 147 570 249 281 316
train00978.jpg 1 knife 154 198 484 270 154 189 482 230 477 271 149 230
train00978.jpg 1 lighter 882 192 969 250 878 193 963 216 952 256 867 233
train00978.jpg 1 lighter 886 156 969 211 895 148 968 170 955 215 882 192
train00978.jpg 1 battery 864 172 968 280 890 174 989 206 963 286 864 254
train00978.jpg 1 pressure 0 0 0 0 394 409 394 409 394 409 394 409
train00978.jpg 1 plasticbottle 0 0 0 0 436 416 581 336 604 377 457 457
train00978.jpg 1 battery 0 0 0 0 546 435 550 387 568 388 563 437
