train00294.jpg 1 knife 23 191 477 379 59 111 484 327 426 442 1 225
train00294.jpg 1 electronicequipment 15 14 637 455 225 -96 631 323 417 530 11 109
train00294.jpg 1 knife 254 193 363 441 259 196 363 188 381 437 277 445
train00294.jpg 1 battery 623 141 715 257 608 188 699 141 735 213 644 259
train00294.jpg 1 electronicequipment 671 226 859 380 676 210 877 300 836 393 634 303
train00294.jpg 1 OCbottle 680 159 940 300 696 151 952 219 926 317 670 248
train00294.jpg 1 knife 839 23 959 407 941 19 1068 55 962 426 835 389
train00294.jpg 1 pressure 0 0 0 0 587 414 595 317 627 318 618 417
train00294.jpg 1 glassbottle 0 0 0 0 836 547 871 526 911 590 875 612
train00294.jpg 1 battery 0 0 0 0 532 398 532 398 532 398 532 398
