train00398.jpg 1 electronicequipment 304 155 755 420 334 146 757 206 722 457 298 397
train00398.jpg 1 knife 386 218 527 395 384 221 416 202 530 392 498 412
train00398.jpg 1 knife 272 144 401 182 270 148 399 139 402 177 273 186
train00398.jpg 1 glassbottle 970 217 1145 430 954 249 1073 201 1161 418 1042 466
train00398.jpg 1 knife 962 308 1122 575 951 336 991 313 1133 559 1093 582
train00398.jpg 1 knife 1025 357 1081 489 1023 357 1079 356 1082 488 1026 489
train00398.jpg 1 glassbottle 986 363 1183 618 1008 435 1084 365 1264 559 1189 629
train00398.jpg 1 OCbottle 1056 332 1231 506 1056 420 1133 332 1231 417 1154 506
train00398.jpg 1 battery 590 376 657 458 600 376 657 384 647 458 590 450
train00398.jpg 1 umbrella 0 0 0 0 811 234 811 234 811 234 811 234
train00398.jpg 1 OCbottle 0 0 0 0 615 158 762 90 785 138 637 207
train00398.jpg 1 lighter 0 0 0 0 215 265 216 259 264 270 263 277
