train00675.jpg 1 pressure 285 135 367 487 285 135 367 135 367 487 285 487
train00675.jpg 1 OCbottle 242 143 437 344 295 134 444 299 380 357 231 192
train00675.jpg 1 metalbottle 259 291 424 446 314 275 434 379 366 457 246 353
train00675.jpg 1 lighter 288 383 373 434 286 413 365 371 376 391 297 433
train00675.jpg 1 lighter 313 395 394 442 316 426 386 388 398 411 328 449
train00675.jpg 1 umbrella 365 155 474 496 399 153 470 163 423 498 352 488
train00675.jpg 1 OCbottle 157 110 261 265 180 99 266 120 218 313 132 292
train00675.jpg 1 electronicequipment 79 248 207 457 90 248 205 254 194 459 79 453
train00675.jpg 1 umbrella 165 316 336 487 208 300 363 450 309 506 154 356
train00675.jpg 1 knife 240 281 352 472 240 302 264 288 365 462 341 476
train00675.jpg 1 battery 131 259 238 396 138 286 215 276 229 380 152 390
train00675.jpg 1 battery 85 452 159 494 91 452 159 474 153 494 85 472
train00675.jpg 1 umbrella 0 0 0 0 683 308 795 216 824 250 711 343
train00675.jpg 1 pressure 0 0 0 0 595 310 623 294 677 380 648 398
train00675.jpg 1 battery 0 0 0 0 671 236 746 209 753 226 677 254
