train00509.jpg 1 pressure 86 231 309 562 83 259 164 220 316 532 235 571
train00509.jpg 1 knife 918 200 989 344 926 202 991 204 986 337 922 335
train00509.jpg 1 OCbottle 1008 211 1180 442 996 249 1075 196 1214 401 1135 455
train00509.jpg 1 OCbottle 265 331 391 549 255 358 349 338 391 536 298 556
train00509.jpg 1 lighter 1064 231 1155 358 1060 258 1091 238 1165 348 1135 368
train00509.jpg 1 lighter 107 423 195 531 98 446 114 426 203 496 187 516
train00509.jpg 1 lighter 963 369 1040 493 957 385 982 372 1034 466 1010 480
train00509.jpg 1 glassbottle 1010 425 1107 518 1053 417 1118 468 1071 529 1006 478
train00509.jpg 1 electronicequipment 910 299 1059 452 927 314 1012 282 1070 433 985 465
train00509.jpg 1 electronicequipment 168 385 337 531 241 374 336 496 266 551 171 429
train00509.jpg 1 lighter 188 483 281 580 186 500 218 474 295 566 263 592
train00509.jpg 1 OCbottle 994 158 1174 295 1003 161 1177 183 1163 298 988 277
train00509.jpg 1 knife 57 261 263 460 53 301 298 400 282 441 37 342
train00509.jpg 1 battery 977 338 1058 412 977 364 996 338 1058 387 1038 412
train00509.jpg 1 battery 944 325 995 385 944 337 959 325 995 373 980 385
train00509.jpg 1 plasticbottle 0 0 0 0 355 135 502 104 510 142 362 174
train00509.jpg 1 electronicequipment 0 0 0 0 239 326 265 241 320 257 293 343
train00509.jpg 1 lighter 0 0 0 0 423 456 434 408 450 411 438 460
