train00486.jpg 1 battery 143 249 368 377 134 297 344 245 366 332 156 384
train00486.jpg 1 glassbottle 288 311 581 441 283 332 563 307 573 419 293 444
train00486.jpg 1 lighter 118 357 248 430 114 392 244 357 254 393 124 428
train00486.jpg 1 lighter 369 258 479 311 364 278 473 243 484 277 375 312
train00486.jpg 1 pressure 145 183 514 291 142 203 512 177 518 271 148 297
train00486.jpg 1 knife 240 299 666 339 240 299 666 299 666 339 240 339
train00486.jpg 1 metalbottle 128 242 583 490 119 290 568 243 589 444 140 491
train00486.jpg 1 battery 345 216 435 268 345 238 427 216 435 246 353 268
train00486.jpg 1 glassbottle 0 0 0 0 73 167 135 109 165 139 102 198
train00486.jpg 1 battery 0 0 0 0 431 481 459 479 463 556 434 558
train00486.jpg 1 electronicequipment 0 0 0 0 137 467 173 443 227 522 190 547
