train00678.jpg 1 OCbottle 337 152 592 264 339 147 593 156 589 268 335 259
train00678.jpg 1 metalbottle 289 305 395 494 309 301 397 313 370 506 282 494
train00678.jpg 1 pressure 252 420 690 547 258 413 689 458 677 569 246 523
train00678.jpg 1 lighter 597 221 733 300 609 215 738 262 723 305 593 258
train00678.jpg 1 metalbottle 622 321 741 483 648 310 757 333 722 498 613 475
train00678.jpg 1 battery 501 258 705 432 490 377 640 242 708 318 558 453
train00678.jpg 1 glassbottle 531 359 706 563 638 333 721 379 605 587 522 541
train00678.jpg 1 metalbottle 392 228 584 448 392 255 550 228 584 420 426 448
train00678.jpg 1 battery 669 297 758 360 682 297 758 333 746 360 669 324
train00678.jpg 1 OCbottle 563 217 756 368 563 250 733 217 756 335 586 368
train00678.jpg 1 OCbottle 440 534 646 612 442 534 646 541 644 612 440 605
train00678.jpg 1 OCbottle 426 153 680 283 426 191 665 153 680 246 441 283
train00678.jpg 1 umbrella 0 0 0 0 501 469 529 441 636 547 607 576
train00678.jpg 1 umbrella 0 0 0 0 238 150 259 107 376 164 354 208
train00678.jpg 1 glassbottle 0 0 0 0 805 227 828 195 888 238 864 271
