train00033.jpg 1 OCbottle 91 88 183 429 96 89 178 92 166 430 85 427
train00033.jpg 1 knife 96 341 178 458 84 364 121 339 196 449 159 475
train00033.jpg 1 glassbottle 131 176 263 509 125 178 257 173 268 506 136 511
train00033.jpg 1 glassbottle 175 88 289 434 175 88 289 88 289 434 175 434
train00033.jpg 1 glassbottle 272 65 371 345 256 64 344 55 373 333 286 343
train00033.jpg 1 knife 183 57 323 465 156 67 244 48 331 455 242 474
train00033.jpg 1 knife 938 190 1020 316 928 207 977 183 1036 304 987 328
train00033.jpg 1 lighter 935 272 998 398 925 283 965 267 1002 358 962 375
train00033.jpg 1 electronicequipment 922 296 1066 500 921 303 1043 290 1064 488 941 501
train00033.jpg 1 knife 985 83 1083 522 1085 80 1169 105 1046 533 961 509
train00033.jpg 1 umbrella 0 0 0 0 476 625 489 526 607 542 593 641
train00033.jpg 1 electronicequipment 0 0 0 0 466 533 628 500 646 588 483 622
train00033.jpg 1 lighter 0 0 0 0 998 278 999 270 1047 277 1046 286
