train00047.jpg 1 lighter 200 94 287 200 268 91 290 105 228 203 207 190
train00047.jpg 1 battery 98 199 226 403 190 202 233 226 133 407 89 383
train00047.jpg 1 metalbottle 301 99 435 308 384 92 452 128 354 312 286 276
train00047.jpg 1 knife 311 159 396 293 365 154 405 173 348 294 309 275
train00047.jpg 1 glassbottle 114 265 341 446 102 372 299 258 348 342 150 456
train00047.jpg 1 electronicequipment 1094 225 1148 443 1135 224 1180 234 1130 448 1086 438
train00047.jpg 1 metalbottle 189 365 396 534 340 339 407 488 252 557 186 408
train00047.jpg 1 umbrella 0 0 0 0 111 383 149 350 242 456 203 490
train00047.jpg 1 umbrella 0 0 0 0 281 354 382 245 422 281 320 391
train00047.jpg 1 OCbottle 0 0 0 0 126 163 165 153 207 299 166 310
