train01038.jpg 1 knife 92 256 375 595 84 284 128 245 410 558 366 598
train01038.jpg 1 lighter 87 200 144 300 86 215 118 204 152 296 120 308
train01038.jpg 1 OCbottle 119 183 370 333 141 174 384 249 350 358 107 284
train01038.jpg 1 battery 110 281 266 407 118 275 267 310 245 408 95 373
train01038.jpg 1 metalbottle 213 347 361 514 278 335 374 387 299 528 203 477
train01038.jpg 1 electronicequipment 134 398 275 607 121 431 210 393 291 582 201 620
train01038.jpg 1 metalbottle 297 398 584 648 298 588 535 389 590 456 353 654
train01038.jpg 1 knife 198 467 239 618 199 466 240 467 237 618 196 617
train01038.jpg 1 lighter 213 521 277 634 208 531 242 518 284 627 250 640
train01038.jpg 1 battery 1072 226 1176 337 1134 226 1176 260 1114 337 1072 303
train01038.jpg 1 electronicequipment 1114 207 1237 341 1208 207 1237 233 1144 341 1114 315
train01038.jpg 1 pressure 0 0 0 0 684 50 760 44 764 84 687 90
train01038.jpg 1 electronicequipment 0 0 0 0 669 326 709 286 773 349 732 390
train01038.jpg 1 electronicequipment 0 0 0 0 668 221 782 187 827 334 712 369
