train00480.jpg 1 lighter 209 415 276 530 204 422 238 411 274 522 240 533
train00480.jpg 1 metalbottle 232 352 462 617 221 371 418 333 469 594 272 632
train00480.jpg 1 knife 336 524 616 591 333 572 606 524 612 557 339 605
train00480.jpg 1 electronicequipment 480 277 1024 601 482 323 1001 278 1025 554 507 600
train00480.jpg 1 lighter 741 494 857 564 756 493 854 555 838 580 740 518
train00480.jpg 1 electronicequipment 427 456 628 579 430 480 607 452 625 562 448 590
train00480.jpg 1 electronicequipment 387 563 545 619 379 601 539 562 546 589 386 629
train00480.jpg 1 OCbottle 731 341 898 541 704 373 782 321 908 507 830 559
train00480.jpg 1 metalbottle 329 159 581 398 323 244 467 147 590 329 446 426
train00480.jpg 1 OCbottle 600 132 756 293 716 132 756 169 640 293 600 256
train00480.jpg 1 umbrella 0 0 0 0 775 134 894 112 901 149 781 173
train00480.jpg 1 glassbottle 0 0 0 0 276 554 276 554 276 554 276 554
train00480.jpg 1 electronicequipment 0 0 0 0 259 578 275 544 362 585 345 620
