train01180.jpg 1 electronicequipment 112 147 660 559 121 307 549 134 656 399 228 572
train01180.jpg 1 lighter 285 184 402 252 286 231 402 189 412 216 295 258
train01180.jpg 1 pressure 297 278 561 522 306 453 515 264 571 326 362 515
train01180.jpg 1 knife 392 439 635 537 385 515 620 425 640 476 405 567
train01180.jpg 1 lighter 444 214 563 248 442 223 564 206 568 233 446 250
train01180.jpg 1 lighter 159 278 272 343 159 316 262 278 272 306 169 343
train01180.jpg 1 battery 108 297 138 360 117 297 138 300 129 360 108 357
train01180.jpg 1 battery 191 416 229 478 212 416 229 422 208 478 191 472
train01180.jpg 1 umbrella 0 0 0 0 42 213 156 170 174 216 59 260
train01180.jpg 1 pressure 0 0 0 0 796 208 823 187 891 273 863 295
train01180.jpg 1 plasticbottle 0 0 0 0 810 70 841 25 985 123 953 169
