train01490.jpg 1 glassbottle 360 144 446 239 357 146 439 142 443 232 362 237
train01490.jpg 1 battery 432 293 529 484 432 293 516 293 516 481 432 481
train01490.jpg 1 knife 193 269 400 409 183 374 398 264 415 297 200 407
train01490.jpg 1 lighter 311 152 402 240 307 173 326 154 395 223 376 242
train01490.jpg 1 lighter 308 247 439 292 313 263 433 257 434 289 315 295
train01490.jpg 1 metalbottle 385 165 561 308 379 228 517 155 564 242 425 316
train01490.jpg 1 metalbottle 237 341 454 491 277 336 451 425 414 497 240 408
train01490.jpg 1 electronicequipment 472 319 592 460 549 319 596 356 520 450 473 412
train01490.jpg 1 OCbottle 261 201 610 329 280 196 607 230 596 340 268 306
train01490.jpg 1 OCbottle 584 320 682 454 626 309 691 346 626 459 562 422
train01490.jpg 1 electronicequipment 252 407 508 565 269 411 495 447 477 565 251 529
train01490.jpg 1 battery 556 426 611 501 593 426 611 437 574 501 556 490
train01490.jpg 1 umbrella 0 0 0 0 372 262 427 151 456 165 400 277
train01490.jpg 1 pressure 0 0 0 0 943 357 943 357 943 355 943 355
train01490.jpg 1 battery 0 0 0 0 437 38 485 38 485 56 437 56
