train00120.jpg 1 OCbottle 136 72 237 204 133 102 192 72 249 183 189 213
train00120.jpg 1 OCbottle 61 208 245 430 56 257 122 207 266 397 199 447
train00120.jpg 1 OCbottle 178 202 345 404 167 271 232 194 409 343 345 420
train00120.jpg 1 knife 2 156 178 194 0 156 177 163 176 194 -1 188
train00120.jpg 1 lighter 230 69 265 181 236 85 260 85 260 175 236 175
train00120.jpg 1 battery 132 57 205 85 133 57 205 59 205 85 132 82
train00120.jpg 1 OCbottle 21 121 150 157 21 126 149 121 150 152 22 157
train00120.jpg 1 OCbottle 0 0 0 0 123 126 263 39 286 74 145 163
train00120.jpg 1 battery 0 0 0 0 15 381 42 310 72 320 43 392
train00120.jpg 1 electronicequipment 0 0 0 0 64 309 114 212 141 225 89 323
