train00945.jpg 1 knife 249 125 311 246 235 132 280 118 317 240 272 253
train00945.jpg 1 knife 230 212 372 360 218 222 244 199 399 365 373 389
train00945.jpg 1 glassbottle 180 168 543 421 168 334 499 158 550 254 219 430
train00945.jpg 1 OCbottle 126 374 492 503 121 409 483 358 497 462 136 513
train00945.jpg 1 OCbottle 159 175 276 480 153 177 270 173 281 477 164 481
train00945.jpg 1 glassbottle 116 198 213 369 139 188 223 210 176 385 92 363
train00945.jpg 1 glassbottle 95 65 441 215 85 84 435 29 456 161 106 216
train00945.jpg 1 pressure 0 0 0 0 583 523 601 446 639 454 621 532
train00945.jpg 1 glassbottle 0 0 0 0 965 387 975 311 1018 316 1007 393
train00945.jpg 1 metalbottle 0 0 0 0 35 455 43 418 191 451 182 490
