train00583.jpg 1 knife 47 98 119 245 82 99 112 104 87 246 57 241
train00583.jpg 1 knife 233 184 296 405 231 184 269 183 272 383 234 383
train00583.jpg 1 OCbottle 337 184 440 398 365 185 451 203 408 403 322 385
train00583.jpg 1 OCbottle 121 139 235 385 142 128 237 135 220 388 125 381
train00583.jpg 1 knife 108 153 194 249 185 151 198 164 115 247 102 234
train00583.jpg 1 battery 340 101 393 148 340 101 393 101 393 148 340 148
train00583.jpg 1 battery 250 190 289 265 252 200 278 194 293 260 267 266
train00583.jpg 1 glassbottle 0 0 0 0 164 48 223 42 232 117 172 124
train00583.jpg 1 metalbottle 0 0 0 0 81 211 91 169 239 204 229 247
train00583.jpg 1 electronicequipment 0 0 0 0 252 264 316 244 368 405 302 426
