train01427.jpg 1 glassbottle 223 217 419 451 310 164 444 219 343 470 209 416
train01427.jpg 1 lighter 302 135 429 184 302 149 424 132 430 170 307 187
train01427.jpg 1 knife 240 193 672 464 235 389 618 140 676 229 293 479
train01427.jpg 1 electronicequipment 380 283 511 478 388 301 496 293 509 477 400 485
train01427.jpg 1 OCbottle 526 307 707 410 526 342 693 307 707 374 541 410
train01427.jpg 1 umbrella 446 165 662 418 437 193 495 150 668 388 609 431
train01427.jpg 1 knife 441 311 549 444 441 333 471 311 549 423 519 444
train01427.jpg 1 OCbottle 304 177 435 336 304 211 374 177 435 302 365 336
train01427.jpg 1 pressure 0 0 0 0 486 338 488 299 566 304 563 344
train01427.jpg 1 OCbottle 0 0 0 0 249 422 330 279 375 303 293 447
train01427.jpg 1 battery 0 0 0 0 607 139 626 139 626 187 607 187
