train00694.jpg 1 metalbottle 134 11 436 178 130 57 412 12 431 127 148 172
train00694.jpg 1 electronicequipment 92 116 639 443 93 159 611 104 641 388 123 443
train00694.jpg 1 battery 158 419 399 474 163 438 375 419 377 449 165 468
train00694.jpg 1 pressure 1066 201 1198 317 1053 247 1198 195 1224 268 1079 320
train00694.jpg 1 umbrella 1076 448 1198 562 1097 470 1208 506 1191 560 1080 524
train00694.jpg 1 battery 1123 126 1183 194 1148 126 1183 143 1158 194 1123 177
train00694.jpg 1 battery 276 244 335 301 308 244 335 271 303 301 276 274
train00694.jpg 1 pressure 0 0 0 0 680 651 752 567 779 589 706 675
train00694.jpg 1 glassbottle 0 0 0 0 1007 167 1046 158 1064 229 1024 239
train00694.jpg 1 battery 0 0 0 0 415 491 422 470 469 486 462 508
