train00714.jpg 1 electronicequipment 381 284 590 438 379 382 549 285 591 358 422 456
train00714.jpg 1 battery 198 372 394 527 190 449 366 375 396 445 220 520
train00714.jpg 1 lighter 320 312 448 376 318 349 438 313 448 344 328 381
train00714.jpg 1 lighter 415 319 537 374 378 371 490 322 502 349 390 399
train00714.jpg 1 metalbottle 411 309 620 449 404 389 597 300 631 372 438 462
train00714.jpg 1 electronicequipment 110 366 340 535 103 465 307 357 348 434 144 542
train00714.jpg 1 lighter 124 525 244 559 122 549 232 502 245 534 135 581
train00714.jpg 1 knife 372 425 499 482 369 451 489 419 499 455 379 487
train00714.jpg 1 glassbottle 505 381 596 441 505 415 585 381 596 407 516 441
train00714.jpg 1 battery 118 514 169 577 118 525 135 514 169 566 152 577
train00714.jpg 1 umbrella 0 0 0 0 747 460 765 427 876 488 857 522
train00714.jpg 1 plasticbottle 0 0 0 0 557 129 696 43 719 78 578 166
train00714.jpg 1 battery 0 0 0 0 805 343 805 343 805 343 805 343
