train01336.jpg 1 electronicequipment 174 48 376 193 177 140 332 31 379 99 224 207
train01336.jpg 1 lighter 358 196 444 283 416 191 440 210 380 284 356 265
train01336.jpg 1 knife 181 70 390 303 345 43 432 111 262 329 174 261
train01336.jpg 1 lighter 93 170 175 260 88 244 140 178 161 195 109 261
train01336.jpg 1 glassbottle 99 243 195 338 80 283 149 226 211 300 142 357
train01336.jpg 1 knife 173 80 325 367 306 82 339 99 198 376 165 359
train01336.jpg 1 lighter 1093 321 1145 426 1097 331 1124 330 1131 430 1104 432
train01336.jpg 1 knife 1079 193 1174 429 1079 200 1119 188 1185 416 1144 427
train01336.jpg 1 lighter 1138 176 1179 286 1141 176 1175 175 1176 280 1142 280
train01336.jpg 1 knife 1089 245 1198 445 1057 309 1121 221 1283 339 1219 427
train01336.jpg 1 battery 249 100 293 163 269 100 293 109 273 163 249 154
train01336.jpg 1 battery 172 157 207 226 172 161 194 157 207 222 185 226
train01336.jpg 1 battery 1076 316 1119 390 1076 323 1100 316 1119 383 1095 390
train01336.jpg 1 lighter 1096 327 1159 433 1096 337 1120 327 1159 424 1135 433
train01336.jpg 1 umbrella 0 0 0 0 328 669 378 551 417 567 366 685
train01336.jpg 1 glassbottle 0 0 0 0 754 362 806 297 839 323 787 389
train01336.jpg 1 battery 0 0 0 0 594 490 594 490 594 490 594 490
