train00672.jpg 1 knife 285 133 382 281 345 126 392 143 339 288 292 271
train00672.jpg 1 lighter 143 151 271 200 149 137 277 173 267 208 139 172
train00672.jpg 1 umbrella 254 224 578 327 254 224 578 224 578 327 254 327
train00672.jpg 1 electronicequipment 107 65 338 167 107 69 333 69 333 160 107 160
train00672.jpg 1 metalbottle 459 6 636 257 438 18 508 -20 648 230 578 269
train00672.jpg 1 pressure 96 162 477 259 94 180 472 154 478 240 100 266
train00672.jpg 1 lighter 953 272 1060 331 939 286 1054 284 1054 318 940 320
train00672.jpg 1 electronicequipment 969 180 1079 316 977 222 1086 190 1114 285 1004 317
train00672.jpg 1 electronicequipment 302 3 461 111 289 65 434 -32 482 39 338 137
train00672.jpg 1 knife 903 202 1076 276 895 235 1083 198 1092 246 904 282
train00672.jpg 1 battery 914 215 1001 279 914 250 987 215 1001 244 928 279
train00672.jpg 1 battery 100 64 158 120 100 102 142 64 158 82 116 120
train00672.jpg 1 umbrella 0 0 0 0 700 315 731 310 752 428 720 434
train00672.jpg 1 OCbottle 0 0 0 0 569 473 664 333 701 357 604 498
train00672.jpg 1 electronicequipment 0 0 0 0 256 239 256 239 256 239 256 239
