train00973.jpg 1 knife 75 122 518 163 74 125 517 118 518 159 75 166
train00973.jpg 1 battery 212 252 413 387 252 235 415 349 371 412 208 298
train00973.jpg 1 metalbottle 67 174 444 290 62 194 436 162 444 258 71 290
train00973.jpg 1 electronicequipment 100 138 590 436 111 139 582 131 587 430 116 438
train00973.jpg 1 electronicequipment 393 214 562 350 403 290 508 199 563 263 458 354
train00973.jpg 1 lighter 268 203 373 258 279 190 371 222 361 251 269 219
train00973.jpg 1 battery 75 146 304 202 74 155 294 147 296 196 75 204
train00973.jpg 1 electronicequipment 796 30 914 230 809 50 905 55 897 221 800 216
train00973.jpg 1 knife 796 101 829 213 796 100 829 101 828 213 795 212
train00973.jpg 1 lighter 819 1 858 104 824 0 853 -1 855 102 825 103
train00973.jpg 1 knife 827 12 1005 123 836 5 1031 87 1016 123 821 41
train00973.jpg 1 battery 821 181 852 246 830 181 852 184 843 246 821 243
train00973.jpg 1 glassbottle 0 0 0 0 581 368 603 323 689 367 665 412
train00973.jpg 1 battery 0 0 0 0 794 330 794 330 794 330 794 330
train00973.jpg 1 electronicequipment 0 0 0 0 420 128 542 105 573 263 450 287
