train00073.jpg 1 knife 273 360 357 585 272 374 302 366 362 591 333 599
train00073.jpg 1 pressure 226 424 339 612 227 426 316 419 333 612 244 620
train00073.jpg 1 knife 437 229 480 477 415 234 458 227 501 471 458 478
train00073.jpg 1 lighter 365 216 393 344 358 219 385 214 407 340 380 345
train00073.jpg 1 pressure 516 220 657 546 514 232 604 217 660 536 571 551
train00073.jpg 1 knife 983 291 1120 548 972 301 1014 281 1133 534 1090 554
train00073.jpg 1 electronicequipment 1003 239 1191 458 1006 247 1191 247 1191 458 1006 458
train00073.jpg 1 electronicequipment 983 282 1074 438 976 286 1067 278 1080 433 989 441
train00073.jpg 1 pressure 979 424 1156 512 976 464 1145 418 1160 475 991 520
train00073.jpg 1 lighter 290 437 313 534 285 438 308 436 317 532 294 534
train00073.jpg 1 umbrella 0 0 0 0 159 611 275 559 290 592 173 645
train00073.jpg 1 pressure 0 0 0 0 813 274 841 205 877 219 847 289
train00073.jpg 1 electronicequipment 0 0 0 0 567 489 580 482 634 574 619 583
