train01485.jpg 1 glassbottle 1 162 157 416 105 156 165 201 11 406 -48 361
train01485.jpg 1 umbrella 25 219 281 443 1 441 214 228 280 294 67 506
train01485.jpg 1 pressure 4 361 241 491 -2 417 220 357 242 443 20 502
train01485.jpg 1 OCbottle 120 153 384 332 110 139 455 278 418 372 72 232
train01485.jpg 1 knife 3 438 328 505 2 461 325 444 327 487 4 504
train01485.jpg 1 lighter 0 147 111 186 16 125 107 186 92 208 1 147
train01485.jpg 1 lighter 6 187 106 218 9 178 111 196 106 222 4 204
train01485.jpg 1 metalbottle 0 0 0 0 192 166 332 82 358 124 217 209
train01485.jpg 1 battery 0 0 0 0 536 486 551 475 581 515 565 527
train01485.jpg 1 electronicequipment 0 0 0 0 53 290 120 158 221 209 154 342
