train00350.jpg 1 knife 178 241 249 496 214 234 248 241 197 507 163 501
train00350.jpg 1 lighter 96 418 206 441 96 422 206 426 205 449 95 445
train00350.jpg 1 pressure 101 97 260 273 112 226 221 91 271 132 162 267
train00350.jpg 1 electronicequipment 96 219 205 400 97 218 206 219 203 400 94 399
train00350.jpg 1 electronicequipment 103 162 490 449 119 159 499 192 476 463 96 429
train00350.jpg 1 knife 1040 421 1111 653 1018 425 1065 414 1117 641 1070 651
train00350.jpg 1 lighter 1020 395 1124 497 1029 474 1109 397 1140 430 1060 507
train00350.jpg 1 pressure 0 0 0 0 893 33 929 20 957 94 920 108
train00350.jpg 1 pressure 0 0 0 0 491 603 508 576 596 629 579 658
train00350.jpg 1 electronicequipment 0 0 0 0 33 383 41 207 89 210 80 386
