train00934.jpg 1 lighter 69 208 105 251 72 202 111 205 106 275 67 272
train00934.jpg 1 glassbottle 136 129 299 340 224 99 337 184 206 358 93 273
train00934.jpg 1 electronicequipment 153 272 317 392 196 249 326 309 279 408 150 348
train00934.jpg 1 lighter 222 96 354 147 221 101 349 96 350 136 222 141
train00934.jpg 1 knife 350 131 449 206 352 160 442 130 453 163 362 193
train00934.jpg 1 umbrella 412 201 518 434 375 233 438 196 557 401 494 438
train00934.jpg 1 knife 365 115 652 434 341 137 396 88 674 397 619 447
train00934.jpg 1 metalbottle 276 96 398 326 286 91 406 101 386 324 266 313
train00934.jpg 1 knife 979 186 1017 271 977 186 1008 185 1011 275 980 276
train00934.jpg 1 battery 90 196 145 285 90 205 117 196 145 275 117 285
train00934.jpg 1 battery 63 297 125 327 67 297 125 308 121 327 63 316
train00934.jpg 1 umbrella 0 0 0 0 155 409 155 409 155 409 155 409
train00934.jpg 1 glassbottle 0 0 0 0 918 475 989 453 1001 489 929 512
train00934.jpg 1 lighter 0 0 0 0 561 102 563 95 613 115 610 124
