train00366.jpg 1 electronicequipment 401 262 605 459 388 378 555 261 619 351 451 469
train00366.jpg 1 umbrella 155 77 284 378 171 86 239 76 280 369 212 378
train00366.jpg 1 knife 111 174 162 357 109 177 151 174 167 358 125 361
train00366.jpg 1 knife 68 199 118 483 79 197 129 203 94 484 44 478
train00366.jpg 1 knife 381 184 683 319 373 302 677 180 690 212 386 335
train00366.jpg 1 knife 384 129 690 289 377 269 665 122 693 177 405 324
train00366.jpg 1 OCbottle 12 468 273 587 26 468 273 530 255 602 8 540
train00366.jpg 1 pressure 0 0 0 0 531 415 561 389 613 449 581 476
train00366.jpg 1 glassbottle 0 0 0 0 543 520 621 520 621 564 543 564
train00366.jpg 1 battery 0 0 0 0 147 306 151 280 199 288 195 314
