train00745.jpg 1 glassbottle 198 293 331 513 182 310 284 283 340 493 238 520
train00745.jpg 1 electronicequipment 121 283 211 427 110 296 200 282 222 421 132 436
train00745.jpg 1 electronicequipment 146 403 291 533 148 426 243 387 294 511 198 550
train00745.jpg 1 lighter 993 40 1085 170 1050 43 1092 64 1030 186 988 164
train00745.jpg 1 metalbottle 988 75 1197 187 998 76 1201 87 1196 188 993 177
train00745.jpg 1 umbrella 1030 135 1169 438 1016 152 1088 130 1178 426 1107 448
train00745.jpg 1 electronicequipment 984 175 1197 398 997 185 1197 185 1197 395 997 395
train00745.jpg 1 lighter 152 451 220 566 152 462 190 451 220 555 182 566
train00745.jpg 1 pressure 0 0 0 0 43 514 55 454 133 469 121 530
train00745.jpg 1 pressure 0 0 0 0 435 631 513 551 539 576 461 657
train00745.jpg 1 battery 0 0 0 0 518 275 565 264 570 281 522 293
