train00690.jpg 1 electronicequipment 241 248 371 466 261 248 376 260 354 465 239 453
train00690.jpg 1 electronicequipment 320 137 478 287 409 125 478 192 375 298 306 231
train00690.jpg 1 electronicequipment 33 315 170 442 89 305 175 355 119 452 33 403
train00690.jpg 1 knife 422 370 625 523 442 355 636 496 610 531 416 390
train00690.jpg 1 knife 261 345 454 491 273 320 463 468 441 496 251 348
train00690.jpg 1 knife 60 116 97 320 61 115 98 116 95 320 58 319
train00690.jpg 1 lighter 68 78 167 125 69 91 169 74 175 109 76 126
train00690.jpg 1 knife 29 221 73 444 29 222 65 219 80 440 44 442
train00690.jpg 1 lighter 262 242 306 349 271 242 308 248 289 353 252 346
train00690.jpg 1 metalbottle 59 205 197 412 115 205 197 230 142 412 59 386
train00690.jpg 1 umbrella 0 0 0 0 108 134 174 19 204 36 137 151
train00690.jpg 1 umbrella 0 0 0 0 562 344 562 344 562 344 562 344
train00690.jpg 1 plasticbottle 0 0 0 0 803 185 887 160 932 308 846 333
