train00808.jpg 1 lighter 325 376 451 450 325 414 441 369 453 400 336 444
train00808.jpg 1 electronicequipment 295 395 519 536 288 489 491 385 516 433 312 536
train00808.jpg 1 lighter 525 327 606 413 578 325 603 340 552 422 527 406
train00808.jpg 1 knife 171 192 363 526 334 192 363 206 200 526 171 511
train00808.jpg 1 OCbottle 305 196 437 445 354 196 437 213 388 445 305 428
train00808.jpg 1 battery 206 440 304 529 208 440 304 442 302 529 206 527
train00808.jpg 1 knife 238 456 332 559 238 538 307 456 332 478 263 559
train00808.jpg 1 OCbottle 0 0 0 0 536 543 634 512 680 655 581 687
train00808.jpg 1 electronicequipment 0 0 0 0 74 468 256 420 263 443 80 492
train00808.jpg 1 lighter 0 0 0 0 493 452 544 442 549 463 497 474
