train01141.jpg 1 lighter 355 187 437 309 349 202 394 181 445 290 400 311
train01141.jpg 1 OCbottle 92 220 298 422 229 190 302 241 165 437 92 386
train01141.jpg 1 battery 94 131 142 321 94 131 142 131 142 321 94 321
train01141.jpg 1 battery 116 44 270 130 111 73 229 52 239 108 121 129
train01141.jpg 1 electronicequipment 134 100 307 226 124 142 304 94 327 178 147 227
train01141.jpg 1 knife 130 82 284 152 127 117 273 77 281 105 134 145
train01141.jpg 1 knife 133 242 318 438 145 272 173 248 318 422 291 445
train01141.jpg 1 OCbottle 129 435 367 513 129 435 367 435 367 513 129 513
train01141.jpg 1 umbrella 0 0 0 0 195 382 235 377 250 496 209 501
train01141.jpg 1 battery 0 0 0 0 78 190 88 175 130 204 119 220
train01141.jpg 1 lighter 0 0 0 0 915 284 957 256 965 266 921 296
