train01190.jpg 1 pressure 312 315 687 447 314 308 693 396 679 456 300 368
train01190.jpg 1 knife 290 270 605 354 285 267 607 272 606 363 284 358
train01190.jpg 1 umbrella 488 153 630 456 557 134 643 156 566 463 480 442
train01190.jpg 1 battery 982 184 1084 271 977 182 1094 184 1092 271 976 269
train01190.jpg 1 knife 992 200 1150 436 1203 380 1132 457 928 267 999 191
train01190.jpg 1 electronicequipment 970 280 1112 502 949 300 1023 264 1124 471 1050 507
train01190.jpg 1 OCbottle 983 208 1213 473 983 268 1069 208 1213 413 1126 473
train01190.jpg 1 umbrella 0 0 0 0 817 297 878 297 878 415 817 415
train01190.jpg 1 metalbottle 0 0 0 0 455 210 465 175 610 217 599 254
train01190.jpg 1 electronicequipment 0 0 0 0 261 82 262 38 440 40 439 84
