train00826.jpg 1 knife 607 163 750 407 610 165 743 163 747 403 614 406
train00826.jpg 1 lighter 595 306 636 418 597 311 632 311 632 410 597 410
train00826.jpg 1 glassbottle 690 104 778 197 695 104 779 108 774 201 690 196
train00826.jpg 1 lighter 790 99 827 210 787 102 810 98 823 195 801 198
train00826.jpg 1 electronicequipment 704 146 831 356 725 148 828 164 793 383 690 366
train00826.jpg 1 knife 603 100 774 395 605 118 634 104 773 391 745 405
train00826.jpg 1 battery 754 304 782 376 754 307 772 304 782 373 764 376
train00826.jpg 1 battery 756 212 814 240 756 224 810 212 814 228 759 240
train00826.jpg 1 umbrella 0 0 0 0 777 231 879 151 926 211 824 292
train00826.jpg 1 umbrella 0 0 0 0 390 194 504 145 524 188 409 238
train00826.jpg 1 battery 0 0 0 0 68 473 68 473 68 473 68 473
