train00848.jpg 1 knife 235 103 627 321 256 96 627 310 609 341 238 127
train00848.jpg 1 battery 122 177 306 324 151 177 299 301 276 328 128 204
train00848.jpg 1 metalbottle 359 208 530 314 357 220 521 197 535 294 371 317
train00848.jpg 1 lighter 329 100 433 175 348 105 438 155 425 179 335 129
train00848.jpg 1 electronicequipment 204 63 394 166 239 46 390 145 367 180 216 82
train00848.jpg 1 OCbottle 330 182 479 386 314 208 401 172 475 355 387 390
train00848.jpg 1 knife 135 168 341 310 156 147 356 282 330 322 129 187
train00848.jpg 1 lighter 892 196 978 233 895 196 990 205 987 232 893 224
train00848.jpg 1 electronicequipment 436 206 568 376 447 236 472 219 562 358 537 375
train00848.jpg 1 OCbottle 156 94 362 303 147 145 219 78 366 236 294 303
train00848.jpg 1 OCbottle 3 262 69 409 10 257 81 276 46 405 -24 386
train00848.jpg 1 battery 345 354 407 392 351 354 407 378 401 392 345 368
train00848.jpg 1 pressure 0 0 0 0 341 366 377 342 424 412 387 437
train00848.jpg 1 OCbottle 0 0 0 0 443 199 508 55 545 71 480 215
train00848.jpg 1 lighter 0 0 0 0 547 118 595 106 597 112 548 125
