train01035.jpg 1 pressure 186 287 567 522 178 448 539 279 573 351 212 520
train01035.jpg 1 knife 147 165 274 277 247 152 286 198 178 290 139 243
train01035.jpg 1 electronicequipment 173 226 331 356 185 242 325 290 303 354 163 305
train01035.jpg 1 electronicequipment 1014 17 1197 288 1100 16 1271 69 1198 309 1026 257
train01035.jpg 1 electronicequipment 96 222 261 397 180 207 271 253 190 413 99 367
train01035.jpg 1 OCbottle 262 226 402 465 283 225 379 228 371 461 275 458
train01035.jpg 1 lighter 333 267 406 382 399 272 429 298 354 383 324 357
train01035.jpg 1 OCbottle 281 172 465 343 312 167 468 236 420 345 264 275
train01035.jpg 1 lighter 60 302 121 415 102 298 136 313 87 419 53 403
train01035.jpg 1 OCbottle 235 383 591 571 235 471 565 383 591 483 262 571
train01035.jpg 1 glassbottle 93 383 198 477 164 364 211 431 137 483 90 415
train01035.jpg 1 battery 106 256 167 312 150 256 167 275 122 312 106 293
train01035.jpg 1 OCbottle 111 139 308 404 236 139 308 179 183 404 111 364
train01035.jpg 1 battery 175 334 204 384 175 335 201 334 204 383 178 384
train01035.jpg 1 metalbottle 0 0 0 0 20 340 117 203 153 228 55 365
train01035.jpg 1 battery 0 0 0 0 242 156 260 111 277 117 258 163
train01035.jpg 1 lighter 0 0 0 0 962 442 1011 432 1014 444 964 455
