train00289.jpg 1 glassbottle 316 209 475 432 290 217 369 178 483 411 404 449
train00289.jpg 1 lighter 153 476 259 560 155 530 247 468 262 491 170 553
train00289.jpg 1 knife 431 445 727 576 399 526 699 417 734 513 435 622
train00289.jpg 1 OCbottle 585 190 700 474 588 204 675 188 724 464 637 480
train00289.jpg 1 knife 488 536 612 593 487 561 606 527 617 564 497 598
train00289.jpg 1 lighter 580 479 705 554 584 511 696 466 713 507 601 552
train00289.jpg 1 OCbottle 145 341 296 592 145 366 223 341 296 567 218 592
train00289.jpg 1 pressure 0 0 0 0 676 416 712 405 736 479 699 491
train00289.jpg 1 plasticbottle 0 0 0 0 741 480 889 462 902 563 753 582
train00289.jpg 1 lighter 0 0 0 0 833 443 840 431 883 459 875 471
