train00385.jpg 1 pressure 101 16 476 151 111 67 463 18 474 100 122 149
train00385.jpg 1 electronicequipment 97 52 234 272 87 75 188 54 231 257 131 278
train00385.jpg 1 lighter 164 58 268 168 244 56 266 73 184 179 162 161
train00385.jpg 1 lighter 119 179 153 311 129 181 153 184 140 312 115 310
train00385.jpg 1 knife 104 124 504 344 84 317 489 110 530 190 125 396
train00385.jpg 1 electronicequipment 799 341 927 473 800 375 923 344 948 445 825 476
train00385.jpg 1 lighter 128 71 219 189 187 67 216 85 151 184 123 166
train00385.jpg 1 knife 776 200 929 340 747 294 926 173 972 240 792 361
train00385.jpg 1 battery 110 128 167 192 167 181 153 192 110 139 124 128
train00385.jpg 1 battery 115 268 144 336 122 268 144 270 137 336 115 333
train00385.jpg 1 glassbottle 0 0 0 0 230 438 256 406 325 461 299 494
train00385.jpg 1 plasticbottle 0 0 0 0 714 141 815 -1 861 30 759 174
train00385.jpg 1 electronicequipment 0 0 0 0 21 279 37 185 82 192 65 287
