train00607.jpg 1 umbrella 41 460 260 622 71 447 273 573 242 623 40 498
train00607.jpg 1 metalbottle 156 258 414 556 333 256 418 314 249 565 163 508
train00607.jpg 1 umbrella 240 334 491 620 423 313 485 353 308 625 246 585
train00607.jpg 1 glassbottle 306 178 559 367 348 166 562 284 509 380 295 262
train00607.jpg 1 knife 374 141 589 361 351 182 384 141 615 327 581 368
train00607.jpg 1 lighter 284 467 402 542 297 526 384 462 403 487 315 551
train00607.jpg 1 OCbottle 485 378 574 485 516 378 588 400 560 490 488 468
train00607.jpg 1 electronicequipment 299 300 480 514 405 297 493 355 381 528 292 470
train00607.jpg 1 electronicequipment 337 334 544 482 335 427 513 320 548 378 370 485
train00607.jpg 1 battery 437 396 511 459 437 441 498 396 511 413 451 459
train00607.jpg 1 battery 346 474 405 524 346 510 395 474 405 487 357 524
train00607.jpg 1 lighter 411 376 499 448 411 427 484 376 499 397 426 448
train00607.jpg 1 metalbottle 19 208 313 455 81 208 313 302 251 455 19 361
train00607.jpg 1 umbrella 0 0 0 0 143 458 177 458 177 576 143 576
train00607.jpg 1 umbrella 0 0 0 0 367 563 380 517 499 552 485 598
train00607.jpg 1 battery 0 0 0 0 732 69 735 50 784 59 780 79
