train00372.jpg 1 glassbottle 526 196 801 438 519 378 737 189 801 262 583 452
train00372.jpg 1 lighter 657 200 773 297 685 193 770 284 739 312 655 221
train00372.jpg 1 knife 669 167 762 252 687 158 768 215 735 261 655 204
train00372.jpg 1 lighter 675 241 784 322 709 221 797 300 765 335 678 257
train00372.jpg 1 electronicequipment 625 271 809 429 698 236 825 350 745 438 618 324
train00372.jpg 1 metalbottle 509 416 664 557 553 410 671 453 628 573 509 530
train00372.jpg 1 knife 682 132 789 235 682 154 702 132 789 213 768 235
train00372.jpg 1 umbrella 0 0 0 0 922 136 1015 22 1057 55 963 170
train00372.jpg 1 metalbottle 0 0 0 0 770 335 779 299 923 336 913 373
train00372.jpg 1 electronicequipment 0 0 0 0 206 406 234 406 234 504 206 504
