train00264.jpg 1 knife 105 248 521 387 106 261 525 268 523 391 103 384
train00264.jpg 1 knife 49 293 547 370 49 289 552 297 551 372 48 363
train00264.jpg 1 umbrella 172 124 467 405 247 130 471 379 408 436 184 187
train00264.jpg 1 electronicequipment 446 258 565 469 494 262 579 283 531 478 445 456
train00264.jpg 1 battery 444 251 529 320 459 251 529 296 514 320 444 274
train00264.jpg 1 battery 484 284 558 347 484 323 542 284 558 308 500 347
train00264.jpg 1 electronicequipment 385 117 582 327 456 117 582 267 511 327 385 176
train00264.jpg 1 pressure 0 0 0 0 343 61 361 32 453 90 434 120
train00264.jpg 1 plasticbottle 0 0 0 0 46 425 175 289 218 329 88 466
train00264.jpg 1 electronicequipment 0 0 0 0 78 361 270 318 287 388 93 433
