train01448.jpg 1 electronicequipment 93 357 180 518 68 384 134 354 199 499 132 529
train01448.jpg 1 lighter 167 436 206 548 174 435 210 437 205 536 169 534
train01448.jpg 1 electronicequipment 136 478 272 604 142 496 227 463 274 585 189 618
train01448.jpg 1 knife 195 357 337 624 302 342 347 365 212 629 167 606
train01448.jpg 1 pressure 195 203 377 568 187 254 301 224 390 555 276 586
train01448.jpg 1 OCbottle 97 259 222 431 81 263 171 234 230 416 140 445
train01448.jpg 1 OCbottle 141 379 270 621 120 394 233 363 298 605 185 635
train01448.jpg 1 glassbottle 1039 381 1198 583 1020 406 1117 357 1217 553 1120 602
train01448.jpg 1 lighter 1035 457 1069 560 1037 456 1071 457 1066 560 1032 559
train01448.jpg 1 electronicequipment 1064 516 1198 697 1041 545 1158 500 1222 667 1105 712
train01448.jpg 1 metalbottle 1032 544 1197 693 1061 529 1231 627 1185 707 1015 609
train01448.jpg 1 lighter 1067 565 1112 673 1049 566 1086 558 1110 673 1073 681
train01448.jpg 1 knife 1021 484 1106 695 981 512 1064 489 1120 699 1037 721
train01448.jpg 1 battery 1012 433 1079 494 1012 469 1061 433 1079 459 1030 494
train01448.jpg 1 umbrella 0 0 0 0 965 35 1001 31 1018 149 981 154
train01448.jpg 1 glassbottle 0 0 0 0 521 399 535 381 603 432 589 451
train01448.jpg 1 electronicequipment 0 0 0 0 519 509 542 449 727 521 703 582
