train00437.jpg 1 knife 43 215 180 324 62 217 183 299 167 324 45 242
train00437.jpg 1 OCbottle 6 259 222 479 -13 308 51 244 227 426 161 490
train00437.jpg 1 OCbottle 32 13 218 236 171 -3 255 64 105 249 21 181
train00437.jpg 1 knife 78 202 209 249 83 198 206 231 201 247 78 214
train00437.jpg 1 glassbottle 217 122 323 176 218 119 324 124 321 178 215 173
train00437.jpg 1 metalbottle 189 47 470 234 193 45 457 59 447 240 184 226
train00437.jpg 1 battery 262 55 349 84 262 53 349 56 348 86 261 83
train00437.jpg 1 pressure 0 0 0 0 28 557 82 470 110 487 56 574
train00437.jpg 1 battery 0 0 0 0 133 225 170 187 185 201 146 239
train00437.jpg 1 electronicequipment 0 0 0 0 408 326 432 306 510 397 485 419
