train00774.jpg 1 pressure 219 361 581 452 221 383 573 364 576 431 224 450
train00774.jpg 1 metalbottle 301 401 685 523 307 436 654 405 661 488 314 519
train00774.jpg 1 glassbottle 429 135 728 406 511 135 728 293 646 406 429 248
train00774.jpg 1 electronicequipment 214 167 580 495 217 171 560 147 580 423 237 447
train00774.jpg 1 lighter 633 309 682 372 613 332 635 309 682 354 660 377
train00774.jpg 1 battery 524 325 574 385 561 325 574 335 537 385 524 375
train00774.jpg 1 knife 371 408 680 438 371 419 679 408 680 427 372 438
train00774.jpg 1 battery 618 342 658 397 618 348 648 342 658 391 628 397
train00774.jpg 1 umbrella 0 0 0 0 325 146 435 71 459 105 348 181
train00774.jpg 1 pressure 0 0 0 0 649 570 679 561 709 654 679 664
train00774.jpg 1 battery 0 0 0 0 473 523 473 523 473 523 473 523
