train00979.jpg 1 electronicequipment 177 20 345 260 263 8 373 71 260 265 151 202
train00979.jpg 1 metalbottle 365 73 484 272 344 93 434 64 499 262 409 291
train00979.jpg 1 pressure 439 44 570 341 484 36 579 53 527 346 433 329
train00979.jpg 1 metalbottle 492 253 617 406 542 244 623 277 567 418 485 385
train00979.jpg 1 glassbottle 380 325 612 440 394 311 622 368 598 463 370 406
train00979.jpg 1 electronicequipment 291 346 507 434 299 340 502 383 490 441 286 398
train00979.jpg 1 electronicequipment 368 290 599 406 372 282 603 298 595 411 364 395
train00979.jpg 1 lighter 278 177 389 233 287 167 395 202 383 241 274 205
train00979.jpg 1 electronicequipment 159 192 256 364 159 204 228 192 256 352 187 364
train00979.jpg 1 plasticbottle 0 0 0 0 616 307 649 270 788 392 754 430
train00979.jpg 1 battery 0 0 0 0 236 613 254 537 270 540 251 617
train00979.jpg 1 electronicequipment 0 0 0 0 628 134 777 91 808 195 657 239
