train00291.jpg 1 knife 199 330 536 376 199 332 534 338 533 378 198 373
train00291.jpg 1 electronicequipment 150 244 370 366 141 318 358 248 374 295 156 366
train00291.jpg 1 battery 41 154 207 239 35 184 188 149 202 212 50 247
train00291.jpg 1 OCbottle 84 182 320 317 74 245 289 166 324 263 110 342
train00291.jpg 1 electronicequipment 232 131 441 224 241 127 442 134 440 213 238 206
train00291.jpg 1 electronicequipment 723 151 813 365 779 144 873 175 808 376 714 345
train00291.jpg 1 OCbottle 264 269 548 381 264 269 548 269 548 381 264 381
train00291.jpg 1 lighter 393 223 507 262 394 215 514 234 509 264 389 245
train00291.jpg 1 knife 181 264 403 335 187 258 407 297 400 340 180 301
train00291.jpg 1 battery 222 199 371 236 221 202 369 195 371 232 223 239
train00291.jpg 1 pressure 0 0 0 0 31 150 102 107 124 145 52 188
train00291.jpg 1 pressure 0 0 0 0 222 72 252 67 271 163 240 169
train00291.jpg 1 electronicequipment 0 0 0 0 524 227 528 214 628 251 623 265
