train01212.jpg 1 pressure 183 217 525 444 162 371 501 198 546 286 207 459
train01212.jpg 1 glassbottle 354 258 619 434 345 372 587 232 633 311 391 451
train01212.jpg 1 electronicequipment 143 172 675 529 127 283 590 132 683 418 220 569
train01212.jpg 1 battery 836 144 914 302 821 156 899 140 926 269 849 285
train01212.jpg 1 lighter 194 312 302 342 181 302 303 308 301 344 179 338
train01212.jpg 1 pressure 834 159 953 398 946 147 1025 193 894 418 815 373
train01212.jpg 1 battery 482 168 554 198 482 171 553 168 554 195 483 198
train01212.jpg 1 umbrella 0 0 0 0 546 419 661 380 671 409 556 449
train01212.jpg 1 plasticbottle 0 0 0 0 741 301 888 265 898 303 750 340
train01212.jpg 1 battery 0 0 0 0 94 478 94 478 94 478 94 478
