train00752.jpg 1 electronicequipment 541 337 653 539 560 343 652 349 639 536 547 530
train00752.jpg 1 knife 462 405 595 618 462 426 493 407 609 592 578 611
train00752.jpg 1 lighter 626 178 672 296 637 177 674 178 670 288 634 287
train00752.jpg 1 glassbottle 840 241 904 537 884 230 935 239 880 551 829 542
train00752.jpg 1 glassbottle 819 378 904 600 893 359 939 372 871 607 826 594
train00752.jpg 1 pressure 411 231 518 466 447 226 525 243 476 471 399 454
train00752.jpg 1 battery 618 288 640 347 618 288 640 288 640 347 618 347
train00752.jpg 1 OCbottle 0 0 0 0 70 296 143 272 192 418 118 443
train00752.jpg 1 metalbottle 0 0 0 0 99 377 136 374 154 520 116 525
train00752.jpg 1 battery 0 0 0 0 157 641 202 616 213 634 167 661
