train00636.jpg 1 electronicequipment 102 161 658 697 108 246 514 130 661 644 255 760
train00636.jpg 1 metalbottle 280 209 389 431 282 209 389 207 393 428 286 430
train00636.jpg 1 battery 129 434 232 688 122 444 172 432 233 678 183 690
train00636.jpg 1 knife 441 372 682 493 445 440 665 368 685 429 465 500
train00636.jpg 1 lighter 411 626 549 679 388 647 547 619 554 661 396 689
train00636.jpg 1 metalbottle 662 341 803 666 662 348 785 341 802 658 678 665
train00636.jpg 1 umbrella 908 369 1093 697 905 391 993 367 1081 697 993 721
train00636.jpg 1 knife 946 324 1115 447 967 307 1150 405 1120 460 938 363
train00636.jpg 1 OCbottle 0 0 0 0 589 358 639 211 702 232 651 380
train00636.jpg 1 battery 0 0 0 0 868 589 868 589 868 589 868 589
train00636.jpg 1 electronicequipment 0 0 0 0 43 388 65 287 266 332 242 435
