train01016.jpg 1 knife 340 111 682 311 384 67 709 212 659 325 334 180
train01016.jpg 1 pressure 161 169 426 298 146 221 414 150 437 238 170 310
train01016.jpg 1 electronicequipment 517 34 610 233 528 44 633 67 599 228 493 205
train01016.jpg 1 lighter 417 3 519 90 383 73 476 19 497 55 404 108
train01016.jpg 1 lighter 312 59 416 130 301 100 411 37 430 71 321 134
train01016.jpg 1 OCbottle 1109 280 1182 406 1111 271 1185 275 1177 420 1104 417
train01016.jpg 1 battery 282 75 359 130 282 109 349 75 359 96 293 130
train01016.jpg 1 lighter 383 110 438 206 401 110 438 118 419 206 383 198
train01016.jpg 1 battery 1071 432 1151 494 1085 432 1151 466 1137 494 1071 460
train01016.jpg 1 battery 1071 429 1152 462 1073 429 1152 433 1151 462 1071 458
train01016.jpg 1 metalbottle 0 0 0 0 138 249 285 221 292 259 144 288
train01016.jpg 1 battery 0 0 0 0 635 593 650 582 680 622 664 634
train01016.jpg 1 electronicequipment 0 0 0 0 494 124 527 88 603 156 569 193
