train00546.jpg 1 pressure 256 172 650 302 249 220 646 164 660 259 262 315
train00546.jpg 1 OCbottle 208 296 372 635 193 300 306 272 395 629 282 657
train00546.jpg 1 umbrella 316 269 444 578 305 283 388 266 453 569 369 587
train00546.jpg 1 metalbottle 167 433 286 618 160 447 247 425 292 604 205 626
train00546.jpg 1 electronicequipment 112 366 244 538 86 311 214 293 247 531 120 549
train00546.jpg 1 lighter 147 519 256 574 143 534 253 514 260 559 151 579
train00546.jpg 1 electronicequipment 83 354 257 545 83 388 217 354 257 512 122 545
train00546.jpg 1 lighter 118 291 245 400 146 291 245 357 216 400 118 333
train00546.jpg 1 battery 145 177 192 298 145 180 179 177 192 295 158 298
train00546.jpg 1 battery 132 509 182 581 132 518 152 509 182 572 163 581
train00546.jpg 1 OCbottle 124 137 347 346 124 273 286 137 347 210 184 346
train00546.jpg 1 pressure 0 0 0 0 144 248 210 166 237 187 170 270
train00546.jpg 1 metalbottle 0 0 0 0 698 66 738 65 747 213 706 215
train00546.jpg 1 battery 0 0 0 0 357 225 374 208 415 248 397 266
