train00738.jpg 1 electronicequipment 115 136 620 598 117 245 470 124 599 498 246 620
train00738.jpg 1 knife 190 332 346 538 171 344 190 328 345 519 326 535
train00738.jpg 1 lighter 193 462 244 572 195 478 217 471 246 563 224 570
train00738.jpg 1 knife 893 399 987 532 966 399 987 412 914 532 893 520
train00738.jpg 1 lighter 197 314 274 423 202 330 225 319 263 398 240 409
train00738.jpg 1 metalbottle 877 246 956 388 1006 251 1037 341 912 384 881 294
train00738.jpg 1 battery 198 411 213 458 199 411 213 411 212 458 198 458
train00738.jpg 1 battery 117 248 154 307 117 254 133 248 154 301 138 307
train00738.jpg 1 glassbottle 0 0 0 0 28 475 108 444 126 487 45 519
train00738.jpg 1 battery 0 0 0 0 532 324 551 324 551 372 532 372
train00738.jpg 1 electronicequipment 0 0 0 0 674 65 703 46 758 130 728 149
