train01361.jpg 1 OCbottle 108 322 362 496 141 311 389 432 345 522 97 401
train01361.jpg 1 OCbottle 553 417 705 588 621 392 721 436 646 604 546 559
train01361.jpg 1 battery 422 458 637 616 453 448 641 548 600 626 411 526
train01361.jpg 1 electronicequipment 376 429 606 511 364 443 604 434 606 499 366 508
train01361.jpg 1 lighter 235 481 361 530 239 478 366 505 360 535 233 507
train01361.jpg 1 lighter 314 511 440 559 320 501 442 532 435 563 312 532
train01361.jpg 1 OCbottle 221 297 503 422 235 275 509 333 489 429 215 371
train01361.jpg 1 knife 455 481 619 525 454 485 617 480 619 522 455 527
train01361.jpg 1 lighter 995 298 1048 406 1013 295 1050 302 1032 406 995 400
train01361.jpg 1 knife 519 375 606 526 509 390 556 365 628 501 581 526
train01361.jpg 1 glassbottle 934 415 1046 484 931 418 1043 411 1048 480 936 487
train01361.jpg 1 metalbottle 0 0 0 0 482 428 517 415 571 558 534 572
train01361.jpg 1 electronicequipment 0 0 0 0 34 157 83 61 103 71 53 167
train01361.jpg 1 lighter 0 0 0 0 836 447 884 447 884 452 836 452
