train00024.jpg 1 lighter 324 110 457 148 324 116 451 121 450 150 323 145
train00024.jpg 1 electronicequipment 237 138 428 208 238 141 423 151 420 204 235 194
train00024.jpg 1 electronicequipment 444 152 653 325 429 234 598 148 652 255 483 341
train00024.jpg 1 metalbottle 236 179 465 261 238 173 467 185 463 260 234 248
train00024.jpg 1 electronicequipment 565 186 764 315 590 169 776 241 739 338 553 266
train00024.jpg 1 OCbottle 751 221 1044 341 758 221 1044 241 1037 341 751 321
train00024.jpg 1 lighter 609 214 696 310 663 214 696 239 642 310 609 285
train00024.jpg 1 glassbottle 0 0 0 0 344 618 402 549 439 579 380 649
train00024.jpg 1 plasticbottle 0 0 0 0 83 434 85 380 233 388 230 442
train00024.jpg 1 metalbottle 0 0 0 0 584 473 732 471 733 509 584 511
