train01421.jpg 1 OCbottle 275 9 388 125 228 18 300 76 129 287 57 229
train01421.jpg 1 knife 208 124 585 227 222 114 587 153 579 226 214 188
train01421.jpg 1 electronicequipment 144 120 281 282 227 108 288 146 200 288 139 249
train01421.jpg 1 knife 382 81 507 178 382 146 492 74 516 111 406 183
train01421.jpg 1 electronicequipment 102 62 315 277 220 76 306 134 194 300 108 242
train01421.jpg 1 metalbottle 991 374 1195 476 993 407 1188 376 1199 446 1004 477
train01421.jpg 1 umbrella 1039 379 1196 453 1047 382 1198 398 1192 449 1041 433
train01421.jpg 1 umbrella 0 0 0 0 279 598 383 494 411 521 306 626
train01421.jpg 1 plasticbottle 0 0 0 0 564 128 600 90 738 218 701 258
train01421.jpg 1 metalbottle 0 0 0 0 536 66 571 42 665 180 629 204
