train01493.jpg 1 knife 126 167 254 251 140 165 255 221 238 255 123 199
train01493.jpg 1 electronicequipment 81 376 242 493 139 341 244 476 182 523 78 389
train01493.jpg 1 glassbottle 115 272 370 525 305 259 382 329 198 534 120 464
train01493.jpg 1 knife 55 104 247 162 61 117 239 104 242 150 64 163
train01493.jpg 1 lighter 103 156 144 263 90 159 130 151 148 257 108 264
train01493.jpg 1 lighter 82 429 175 526 101 431 169 497 150 516 82 450
train01493.jpg 1 electronicequipment 928 334 1133 544 1057 324 1132 391 996 542 921 475
train01493.jpg 1 battery 942 401 1159 514 959 396 1161 439 1144 523 941 480
train01493.jpg 1 glassbottle 943 308 986 390 960 305 986 312 964 390 937 382
train01493.jpg 1 battery 936 379 976 457 946 379 976 384 966 457 936 453
train01493.jpg 1 umbrella 0 0 0 0 893 203 931 197 952 314 913 321
train01493.jpg 1 metalbottle 0 0 0 0 410 229 545 145 567 179 431 264
train01493.jpg 1 lighter 0 0 0 0 235 506 267 458 285 469 253 518
