train00869.jpg 1 electronicequipment 167 301 380 425 165 326 356 292 374 390 182 424
train00869.jpg 1 electronicequipment 186 361 313 482 214 363 314 390 286 492 187 465
train00869.jpg 1 lighter 154 513 210 607 147 521 181 508 217 603 184 616
train00869.jpg 1 electronicequipment 228 378 749 645 229 365 745 383 736 642 220 624
train00869.jpg 1 knife 333 463 406 606 345 403 444 421 409 619 310 602
train00869.jpg 1 electronicequipment 997 219 1060 355 1030 222 1071 235 1031 357 991 344
train00869.jpg 1 lighter 1021 245 1072 363 1055 241 1073 246 1040 353 1022 347
train00869.jpg 1 lighter 1034 325 1063 432 1034 325 1063 325 1063 432 1034 432
train00869.jpg 1 umbrella 1053 188 1188 303 1051 248 1184 189 1212 253 1079 312
train00869.jpg 1 metalbottle 1071 372 1189 489 1093 362 1213 396 1186 490 1066 455
train00869.jpg 1 OCbottle 991 197 1180 494 1103 188 1193 234 1051 514 960 468
train00869.jpg 1 metalbottle 183 192 371 283 189 196 370 196 370 280 189 280
train00869.jpg 1 battery 282 299 348 321 283 299 348 301 347 321 282 318
train00869.jpg 1 battery 146 212 210 332 146 214 206 212 210 329 150 332
train00869.jpg 1 OCbottle 262 339 477 443 262 372 466 339 477 411 274 443
train00869.jpg 1 battery 179 394 254 434 179 413 248 394 254 416 185 434
train00869.jpg 1 umbrella 0 0 0 0 520 385 520 385 520 385 520 385
train00869.jpg 1 pressure 0 0 0 0 286 303 289 272 388 282 384 314
train00869.jpg 1 electronicequipment 0 0 0 0 178 348 274 173 286 179 188 354
