train00154.jpg 1 pressure 231 333 586 476 228 433 564 330 585 397 249 500
train00154.jpg 1 knife 127 252 362 297 126 267 361 254 363 288 128 301
train00154.jpg 1 glassbottle 216 161 483 354 243 152 497 305 455 375 201 222
train00154.jpg 1 lighter 179 479 231 567 181 472 220 480 208 535 169 527
train00154.jpg 1 lighter 133 400 247 471 156 384 248 453 228 479 136 410
train00154.jpg 1 electronicequipment 369 236 573 302 368 248 575 245 576 299 369 302
train00154.jpg 1 knife 1050 381 1174 427 1048 368 1172 406 1166 426 1042 388
train00154.jpg 1 battery 140 206 221 291 140 218 209 206 221 279 152 291
train00154.jpg 1 pressure 0 0 0 0 36 137 83 66 122 92 74 163
train00154.jpg 1 metalbottle 0 0 0 0 796 464 833 463 838 611 800 612
train00154.jpg 1 battery 0 0 0 0 513 571 534 526 551 534 529 579
