train00994.jpg 1 metalbottle 162 432 538 541 159 453 533 434 538 524 163 543
train00994.jpg 1 umbrella 236 195 558 377 229 331 536 181 568 245 260 395
train00994.jpg 1 knife 271 146 318 458 276 143 314 144 309 456 270 456
train00994.jpg 1 knife 107 200 249 252 113 201 252 223 248 254 108 232
train00994.jpg 1 lighter 87 210 125 368 100 213 129 216 117 359 88 357
train00994.jpg 1 umbrella 124 89 376 258 116 182 351 82 385 161 149 261
train00994.jpg 1 OCbottle 167 340 434 463 164 356 426 337 433 441 171 459
train00994.jpg 1 OCbottle 182 112 392 276 219 87 406 199 353 288 166 176
train00994.jpg 1 lighter 127 316 169 426 128 318 153 314 168 419 142 423
train00994.jpg 1 OCbottle 105 262 442 384 115 290 437 244 452 346 129 391
train00994.jpg 1 electronicequipment 107 198 295 283 114 196 301 219 294 281 106 258
train00994.jpg 1 umbrella 0 0 0 0 714 506 779 392 814 411 748 526
train00994.jpg 1 battery 0 0 0 0 1044 574 1058 538 1144 571 1129 608
train00994.jpg 1 electronicequipment 0 0 0 0 25 387 103 340 127 379 48 426
