train00533.jpg 1 knife 232 582 412 636 234 581 411 603 407 637 230 615
train00533.jpg 1 lighter 178 242 279 316 178 292 274 234 288 257 191 315
train00533.jpg 1 lighter 186 373 264 482 243 378 272 397 215 486 186 467
train00533.jpg 1 umbrella 409 225 516 514 399 230 480 220 515 505 434 515
train00533.jpg 1 pressure 459 376 632 559 503 368 634 530 586 569 455 408
train00533.jpg 1 metalbottle 479 211 622 537 463 225 560 206 622 523 524 541
train00533.jpg 1 electronicequipment 288 400 684 634 293 424 662 418 665 597 296 604
train00533.jpg 1 electronicequipment 1005 283 1151 471 1076 276 1163 316 1082 490 995 449
train00533.jpg 1 glassbottle 1068 311 1213 613 1146 308 1225 334 1132 619 1054 594
train00533.jpg 1 lighter 1007 465 1070 566 1014 478 1040 469 1073 563 1046 572
train00533.jpg 1 lighter 1046 476 1096 570 1036 484 1061 473 1101 559 1076 571
train00533.jpg 1 pressure 0 0 0 0 865 199 874 102 905 104 896 202
train00533.jpg 1 electronicequipment 0 0 0 0 543 250 558 225 649 281 633 307
train00533.jpg 1 lighter 0 0 0 0 478 179 482 178 487 226 482 227
