train00598.jpg 1 umbrella 685 216 770 485 689 214 774 217 765 486 680 483
train00598.jpg 1 lighter 710 264 815 342 707 307 798 267 809 292 718 332
train00598.jpg 1 metalbottle 638 287 847 439 633 374 820 274 861 351 673 451
train00598.jpg 1 knife 679 50 738 182 680 49 739 50 736 182 677 181
train00598.jpg 1 electronicequipment 632 98 813 246 635 101 701 60 802 222 736 264
train00598.jpg 1 electronicequipment 405 132 861 463 421 280 749 127 833 309 506 461
train00598.jpg 1 knife 999 254 1123 354 1015 243 1133 326 1103 369 984 286
train00598.jpg 1 umbrella 1031 49 1175 180 1050 45 1197 96 1167 181 1021 131
train00598.jpg 1 OCbottle 975 157 1092 399 962 163 1079 151 1104 392 987 404
train00598.jpg 1 electronicequipment 996 136 1175 300 994 173 1090 126 1164 279 1068 326
train00598.jpg 1 lighter 348 301 387 380 345 300 372 294 391 379 365 386
train00598.jpg 1 lighter 1077 167 1126 273 1075 174 1105 168 1130 274 1100 281
train00598.jpg 1 battery 1118 284 1192 350 1135 284 1192 328 1175 350 1118 305
train00598.jpg 1 lighter 1100 48 1144 168 1112 48 1144 52 1132 168 1100 165
train00598.jpg 1 battery 1024 317 1055 391 1024 317 1055 317 1055 391 1024 391
train00598.jpg 1 metalbottle 0 0 0 0 307 547 335 399 375 406 347 555
train00598.jpg 1 electronicequipment 0 0 0 0 928 329 983 249 1129 349 1072 430
train00598.jpg 1 lighter 0 0 0 0 76 360 79 350 126 368 121 378
