train00572.jpg 1 electronicequipment 915 204 1033 393 910 207 1027 201 1037 389 920 395
train00572.jpg 1 knife 812 215 1006 468 801 242 839 207 1034 424 996 458
train00572.jpg 1 electronicequipment 801 326 952 499 794 345 895 308 957 477 856 514
train00572.jpg 1 metalbottle 674 226 844 496 660 246 756 207 865 476 768 514
train00572.jpg 1 electronicequipment 798 59 969 227 894 47 977 109 875 244 792 182
train00572.jpg 1 electronicequipment 671 46 1019 357 667 47 940 3 994 345 721 388
train00572.jpg 1 umbrella 427 301 769 531 472 291 780 492 738 556 430 356
train00572.jpg 1 lighter 969 50 1024 164 953 58 985 45 1031 159 999 172
train00572.jpg 1 umbrella 0 0 0 0 430 402 448 284 488 290 468 408
train00572.jpg 1 metalbottle 0 0 0 0 674 365 821 355 824 393 676 404
train00572.jpg 1 electronicequipment 0 0 0 0 881 474 970 383 979 391 889 483
