train01258.jpg 1 electronicequipment 129 141 553 427 135 183 520 142 548 401 162 442
train01258.jpg 1 electronicequipment 239 525 505 620 239 526 504 531 502 613 238 609
train01258.jpg 1 metalbottle 716 364 851 501 716 466 753 364 851 400 814 501
train01258.jpg 1 lighter 291 591 394 620 292 585 395 596 392 625 289 614
train01258.jpg 1 lighter 265 593 370 624 265 590 370 595 369 626 264 621
train01258.jpg 1 battery 323 467 439 549 323 492 425 467 439 524 338 549
train01258.jpg 1 knife 423 111 509 304 423 121 460 111 509 294 472 304
train01258.jpg 1 pressure 0 0 0 0 342 647 373 581 408 596 377 664
train01258.jpg 1 metalbottle 0 0 0 0 210 595 229 448 267 452 247 600
train01258.jpg 1 battery 0 0 0 0 225 546 272 539 275 556 227 564
