train00787.jpg 1 metalbottle 108 178 400 406 95 324 360 171 414 266 149 419
train00787.jpg 1 electronicequipment 127 204 728 668 119 417 580 172 732 456 271 701
train00787.jpg 1 pressure 321 365 700 445 321 365 700 365 700 445 321 445
train00787.jpg 1 knife 366 392 821 496 368 382 820 413 814 508 362 477
train00787.jpg 1 battery 331 549 546 694 322 649 515 555 544 613 351 707
train00787.jpg 1 umbrella 1050 500 1191 588 1061 495 1207 515 1196 593 1050 573
train00787.jpg 1 knife 1044 268 1192 525 1044 268 1192 268 1192 525 1044 525
train00787.jpg 1 metalbottle 0 0 0 0 772 300 778 264 926 291 918 328
train00787.jpg 1 battery 0 0 0 0 839 99 841 99 841 100 839 100
train00787.jpg 1 electronicequipment 0 0 0 0 175 419 175 334 352 334 352 419
