train00135.jpg 1 lighter 151 184 236 292 230 175 255 199 161 297 136 272
train00135.jpg 1 battery 212 160 325 273 300 153 326 179 232 273 206 248
train00135.jpg 1 lighter 191 171 271 270 263 161 283 185 197 257 177 233
train00135.jpg 1 knife 159 210 418 298 153 268 409 200 419 239 163 307
train00135.jpg 1 electronicequipment 216 197 430 399 198 316 349 175 438 271 287 411
train00135.jpg 1 electronicequipment 169 124 316 330 299 114 349 163 199 318 149 269
train00135.jpg 1 pressure 312 113 383 226 304 120 359 107 384 208 329 222
train00135.jpg 1 umbrella 0 0 0 0 243 127 361 108 369 156 251 177
train00135.jpg 1 battery 0 0 0 0 241 467 264 388 286 394 262 474
train00135.jpg 1 electronicequipment 0 0 0 0 309 307 400 286 411 332 319 354
