train00231.jpg 1 electronicequipment 226 214 420 381 290 205 425 340 368 396 233 262
train00231.jpg 1 electronicequipment 154 255 251 391 144 283 204 254 261 372 202 401
train00231.jpg 1 lighter 135 294 205 400 132 308 161 293 207 380 178 396
train00231.jpg 1 metalbottle 227 304 405 489 230 362 291 311 407 450 346 501
train00231.jpg 1 knife 163 194 535 483 155 454 523 166 559 212 191 500
train00231.jpg 1 pressure 96 288 365 561 90 325 140 277 358 504 309 552
train00231.jpg 1 lighter 578 308 615 403 577 308 611 307 612 398 578 398
train00231.jpg 1 metalbottle 1112 143 1190 331 1167 143 1242 170 1183 332 1109 304
train00231.jpg 1 electronicequipment 1104 328 1191 458 1227 341 1259 410 1142 464 1110 396
train00231.jpg 1 OCbottle 1067 327 1191 490 1208 324 1261 395 1101 516 1048 444
train00231.jpg 1 battery 1068 280 1104 365 1082 280 1104 284 1090 365 1068 361
train00231.jpg 1 OCbottle 0 0 0 0 564 378 680 238 723 273 605 414
train00231.jpg 1 battery 0 0 0 0 862 258 908 177 948 198 901 280
train00231.jpg 1 electronicequipment 0 0 0 0 301 386 340 316 397 347 357 418
