train00212.jpg 1 pressure 270 389 657 536 264 451 645 384 661 476 280 543
train00212.jpg 1 knife 143 353 576 487 136 459 568 352 577 391 146 498
train00212.jpg 1 pressure 1066 190 1171 562 1059 191 1164 188 1177 560 1072 563
train00212.jpg 1 electronicequipment 113 410 201 560 98 430 146 402 223 535 174 563
train00212.jpg 1 electronicequipment 156 399 283 594 132 426 209 385 301 557 224 598
train00212.jpg 1 lighter 255 521 319 599 242 536 270 513 331 586 303 609
train00212.jpg 1 lighter 1088 296 1189 322 1089 292 1189 299 1187 325 1087 318
train00212.jpg 1 lighter 1086 317 1189 348 1086 315 1194 318 1193 352 1085 348
train00212.jpg 1 umbrella 0 0 0 0 436 335 554 331 555 368 437 372
train00212.jpg 1 glassbottle 0 0 0 0 755 275 767 234 840 256 827 298
train00212.jpg 1 metalbottle 0 0 0 0 138 425 249 292 283 320 172 454
