train00865.jpg 1 knife 299 185 389 326 310 181 392 184 386 333 305 330
train00865.jpg 1 OCbottle 183 219 352 509 144 243 239 200 359 471 265 513
train00865.jpg 1 umbrella 144 170 347 464 127 188 188 153 353 439 292 475
train00865.jpg 1 lighter 108 196 158 324 104 200 144 192 169 309 129 317
train00865.jpg 1 battery 853 108 970 334 831 156 899 106 1038 297 970 347
train00865.jpg 1 lighter 864 217 927 351 845 235 878 216 944 330 911 349
train00865.jpg 1 knife 297 336 398 433 288 351 309 322 403 390 382 419
train00865.jpg 1 OCbottle 176 147 362 322 230 147 362 212 309 322 176 257
train00865.jpg 1 battery 142 266 182 350 142 271 166 266 182 345 159 350
train00865.jpg 1 umbrella 0 0 0 0 649 418 708 406 735 525 675 538
train00865.jpg 1 battery 0 0 0 0 388 381 388 381 388 381 388 381
train00865.jpg 1 electronicequipment 0 0 0 0 743 495 920 434 923 442 746 504
