train00084.jpg 1 battery 150 179 297 294 150 260 275 179 297 213 172 294
train00084.jpg 1 knife 413 182 540 240 420 173 548 207 538 242 411 208
train00084.jpg 1 OCbottle 114 231 438 381 106 277 429 226 445 330 122 381
train00084.jpg 1 electronicequipment 177 323 407 418 158 354 399 316 410 389 170 427
train00084.jpg 1 lighter 308 372 425 434 302 410 414 367 426 398 314 441
train00084.jpg 1 pressure 105 350 547 447 153 365 540 345 545 428 157 448
train00084.jpg 1 metalbottle 141 405 427 500 141 405 433 405 433 501 141 501
train00084.jpg 1 umbrella 0 0 0 0 307 134 423 52 450 90 333 173
train00084.jpg 1 battery 0 0 0 0 222 248 269 239 273 256 224 266
train00084.jpg 1 electronicequipment 0 0 0 0 88 87 105 78 157 169 140 179
