train01432.jpg 1 metalbottle 261 238 430 545 312 225 437 247 383 554 258 531
train01432.jpg 1 glassbottle 129 244 290 466 207 220 305 266 203 485 105 439
train01432.jpg 1 umbrella 86 337 175 559 89 335 178 338 171 560 82 557
train01432.jpg 1 electronicequipment 158 426 332 531 164 419 337 440 325 541 152 520
train01432.jpg 1 OCbottle 247 510 513 632 248 505 514 528 504 641 238 618
train01432.jpg 1 metalbottle 469 481 632 654 572 471 642 528 531 665 460 609
train01432.jpg 1 glassbottle 424 574 524 670 410 602 494 565 531 648 447 686
train01432.jpg 1 lighter 362 513 463 617 357 530 392 501 471 596 437 625
train01432.jpg 1 battery 519 302 571 345 529 302 571 317 561 345 519 330
train01432.jpg 1 OCbottle 367 398 633 659 367 593 569 398 633 464 430 659
train01432.jpg 1 battery 177 514 260 562 184 514 260 530 254 562 177 546
train01432.jpg 1 battery 127 530 190 604 127 546 150 530 190 588 168 604
train01432.jpg 1 OCbottle 288 603 470 672 293 603 470 618 465 672 288 657
train01432.jpg 1 umbrella 0 0 0 0 605 594 721 565 730 600 613 630
train01432.jpg 1 OCbottle 0 0 0 0 407 278 462 264 502 410 446 426
train01432.jpg 1 electronicequipment 0 0 0 0 444 512 447 475 629 496 624 534
