train01312.jpg 1 knife 190 557 524 601 189 562 523 551 524 595 190 606
train01312.jpg 1 battery 103 449 167 653 114 447 177 451 163 654 99 650
train01312.jpg 1 electronicequipment 135 431 286 562 132 433 283 428 288 559 137 564
train01312.jpg 1 knife 230 438 330 549 225 453 285 427 333 535 273 561
train01312.jpg 1 OCbottle 109 159 210 413 102 164 203 157 221 410 120 417
train01312.jpg 1 lighter 86 395 136 502 82 399 115 392 138 499 105 506
train01312.jpg 1 OCbottle 137 562 364 661 139 566 369 582 362 668 133 652
train01312.jpg 1 OCbottle 191 212 310 461 154 229 259 199 328 439 223 469
train01312.jpg 1 lighter 89 338 144 440 83 342 122 331 151 433 113 444
train01312.jpg 1 umbrella 0 0 0 0 276 275 294 237 408 292 389 331
train01312.jpg 1 glassbottle 0 0 0 0 659 400 695 372 744 434 707 463
train01312.jpg 1 battery 0 0 0 0 77 89 79 67 158 75 156 98
