train01006.jpg 1 electronicequipment 133 96 433 465 120 148 381 106 432 426 170 468
train01006.jpg 1 pressure 253 93 364 412 264 53 371 58 353 412 245 406
train01006.jpg 1 metalbottle 276 350 462 447 270 368 462 351 469 429 277 446
train01006.jpg 1 lighter 123 309 154 400 122 294 150 292 157 389 128 391
train01006.jpg 1 lighter 107 235 148 323 97 231 128 225 146 320 115 326
train01006.jpg 1 electronicequipment 91 40 200 173 165 40 200 64 126 173 91 150
train01006.jpg 1 battery 105 317 145 391 105 322 132 317 145 386 119 391
train01006.jpg 1 battery 121 404 156 470 121 408 140 404 156 465 138 470
train01006.jpg 1 battery 110 350 139 422 110 352 132 350 139 420 116 422
train01006.jpg 1 glassbottle 0 0 0 0 236 166 299 112 332 149 268 204
train01006.jpg 1 electronicequipment 0 0 0 0 378 512 397 401 558 428 538 541
train01006.jpg 1 lighter 0 0 0 0 21 534 23 527 71 542 68 550
