train00757.jpg 1 electronicequipment 296 10 641 343 386 1 646 91 553 362 292 272
train00757.jpg 1 knife 439 63 645 378 604 49 693 102 520 390 431 337
train00757.jpg 1 battery 941 264 1051 350 949 260 1052 267 1046 349 943 342
train00757.jpg 1 battery 919 246 1072 324 925 244 1076 259 1070 323 918 307
train00757.jpg 1 knife 927 156 991 254 933 158 985 156 988 250 936 252
train00757.jpg 1 metalbottle 263 386 490 530 282 401 495 431 481 530 268 500
train00757.jpg 1 lighter 577 315 619 421 587 318 618 320 613 423 582 422
train00757.jpg 1 battery 363 135 430 194 363 160 413 135 430 170 380 194
train00757.jpg 1 lighter 524 346 616 396 531 346 616 368 609 396 524 373
train00757.jpg 1 OCbottle 0 0 0 0 805 556 841 535 925 674 889 696
train00757.jpg 1 electronicequipment 0 0 0 0 943 237 1053 183 1073 223 961 277
train00757.jpg 1 electronicequipment 0 0 0 0 281 199 291 77 461 92 450 215
