train00070.jpg 1 pressure 174 105 412 269 193 103 427 197 394 279 160 185
train00070.jpg 1 battery 673 233 835 352 720 214 847 314 798 377 670 277
train00070.jpg 1 knife 400 155 839 252 400 155 839 155 839 252 400 252
train00070.jpg 1 lighter 675 293 714 396 688 291 723 298 701 405 666 397
train00070.jpg 1 OCbottle 560 105 763 190 565 101 768 108 765 193 562 186
train00070.jpg 1 OCbottle 552 310 702 407 565 305 711 331 697 414 551 388
train00070.jpg 1 OCbottle 443 412 657 522 437 431 646 402 659 500 451 529
train00070.jpg 1 electronicequipment 501 440 636 521 518 424 638 458 620 523 500 488
train00070.jpg 1 battery 536 427 677 487 542 424 676 457 668 493 533 459
train00070.jpg 1 glassbottle 658 229 830 429 783 222 849 277 687 470 621 415
train00070.jpg 1 OCbottle 1056 286 1193 400 1065 284 1199 302 1185 401 1052 382
train00070.jpg 1 metalbottle 682 333 865 527 791 319 874 384 754 538 671 473
train00070.jpg 1 battery 845 220 879 282 859 220 879 225 865 282 845 277
train00070.jpg 1 pressure 0 0 0 0 204 342 265 302 288 334 225 376
train00070.jpg 1 glassbottle 0 0 0 0 892 416 892 416 892 416 892 416
train00070.jpg 1 electronicequipment 0 0 0 0 257 244 267 64 330 67 319 248
