train00587.jpg 1 battery 226 203 391 394 229 237 307 197 390 358 311 398
train00587.jpg 1 umbrella 190 221 526 303 188 226 524 215 527 297 191 308
train00587.jpg 1 glassbottle 192 246 333 518 174 265 266 239 341 501 249 527
train00587.jpg 1 knife 146 345 593 401 148 333 605 373 602 414 144 374
train00587.jpg 1 knife 126 380 516 426 125 390 515 369 517 409 127 430
train00587.jpg 1 OCbottle 309 272 613 479 296 397 591 234 642 327 348 490
train00587.jpg 1 metalbottle 103 426 224 568 92 435 196 409 231 552 128 578
train00587.jpg 1 electronicequipment 969 403 1075 623 968 406 1019 394 1069 611 1018 622
train00587.jpg 1 electronicequipment 1021 494 1147 629 1021 534 1149 497 1171 572 1043 609
train00587.jpg 1 OCbottle 988 203 1101 489 983 207 1088 198 1113 480 1008 490
train00587.jpg 1 OCbottle 178 532 388 640 185 523 392 552 378 647 172 618
train00587.jpg 1 metalbottle 214 452 370 590 234 444 380 480 350 598 205 561
train00587.jpg 1 lighter 136 335 209 435 169 326 210 344 168 440 127 421
train00587.jpg 1 lighter 980 387 1031 517 972 390 1015 382 1038 512 995 520
train00587.jpg 1 OCbottle 128 381 347 452 125 388 342 373 346 440 130 455
train00587.jpg 1 OCbottle 202 313 303 458 232 313 303 329 273 458 202 442
train00587.jpg 1 battery 252 425 304 488 288 425 304 436 267 488 252 477
train00587.jpg 1 battery 988 364 1021 437 988 367 1011 364 1021 434 998 437
train00587.jpg 1 battery 435 260 465 328 440 260 465 262 460 328 435 325
train00587.jpg 1 battery 977 309 1005 370 977 312 996 309 1005 367 987 370
train00587.jpg 1 pressure 0 0 0 0 689 380 785 356 793 386 696 411
train00587.jpg 1 glassbottle 0 0 0 0 175 123 181 94 259 110 252 140
train00587.jpg 1 electronicequipment 0 0 0 0 707 411 797 364 815 398 724 446
