train01333.jpg 1 knife 7 87 284 332 -39 322 210 63 288 139 38 397
train01333.jpg 1 OCbottle 122 359 340 455 129 354 345 370 339 462 122 447
train01333.jpg 1 pressure 6 27 227 350 158 51 228 97 57 360 -12 314
train01333.jpg 1 lighter 224 249 270 340 229 270 251 263 272 333 250 340
train01333.jpg 1 metalbottle 113 210 253 381 107 242 196 201 265 349 176 391
train01333.jpg 1 lighter 247 49 320 156 294 49 320 61 279 144 253 132
train01333.jpg 1 electronicequipment 227 213 359 336 222 249 290 186 377 279 310 343
train01333.jpg 1 battery 212 52 238 127 216 52 238 53 235 127 212 126
train01333.jpg 1 battery 286 119 359 175 298 119 359 154 347 175 286 140
train01333.jpg 1 metalbottle 0 0 0 0 264 543 390 413 424 445 297 576
train01333.jpg 1 electronicequipment 0 0 0 0 175 219 192 30 322 42 304 232
train01333.jpg 1 lighter 0 0 0 0 155 413 185 372 197 380 166 422
