train00734.jpg 1 lighter 97 294 191 401 95 379 173 292 197 314 119 400
train00734.jpg 1 knife 223 312 467 437 208 363 443 299 476 420 240 483
train00734.jpg 1 OCbottle 353 78 474 395 350 85 452 76 480 385 377 394
train00734.jpg 1 OCbottle 219 102 331 336 235 98 337 105 321 336 219 329
train00734.jpg 1 lighter 287 167 352 282 286 193 316 180 355 273 325 286
train00734.jpg 1 electronicequipment 83 170 123 319 83 170 123 170 123 319 83 319
train00734.jpg 1 electronicequipment 116 83 227 240 125 90 227 94 222 237 120 233
train00734.jpg 1 glassbottle 145 307 237 393 134 331 213 301 241 375 163 405
train00734.jpg 1 knife 185 98 502 434 454 62 507 102 248 446 195 406
train00734.jpg 1 umbrella 1050 217 1166 432 1108 222 1165 243 1094 436 1038 416
train00734.jpg 1 battery 1096 346 1157 408 1096 358 1109 346 1157 396 1145 408
train00734.jpg 1 battery 86 139 119 223 98 139 119 142 107 223 86 220
train00734.jpg 1 umbrella 0 0 0 0 342 246 343 214 461 218 460 250
train00734.jpg 1 battery 0 0 0 0 27 351 42 305 60 310 44 357
train00734.jpg 1 lighter 0 0 0 0 172 527 202 480 207 482 177 530
