train00059.jpg 1 metalbottle 269 272 430 468 376 261 442 309 320 477 254 429
train00059.jpg 1 metalbottle 355 305 505 488 442 293 510 331 419 497 351 459
train00059.jpg 1 electronicequipment 104 200 289 430 193 233 276 284 179 439 96 388
train00059.jpg 1 umbrella 132 200 367 521 269 236 342 275 203 536 130 497
train00059.jpg 1 knife 292 149 437 238 308 138 445 202 424 245 288 181
train00059.jpg 1 lighter 190 241 262 337 230 242 255 254 213 339 188 327
train00059.jpg 1 battery 193 163 281 294 256 163 281 176 218 294 193 281
train00059.jpg 1 OCbottle 0 0 0 0 410 312 413 274 562 288 558 326
train00059.jpg 1 metalbottle 0 0 0 0 16 211 22 175 169 202 162 240
train00059.jpg 1 electronicequipment 0 0 0 0 64 67 136 20 226 157 152 205
