train00565.jpg 1 metalbottle 450 275 765 520 501 254 774 431 710 530 436 353
train00565.jpg 1 battery 191 69 392 260 250 64 398 192 331 269 183 141
train00565.jpg 1 knife 162 356 498 403 234 369 496 369 496 405 234 405
train00565.jpg 1 electronicequipment 102 120 260 285 206 84 289 134 191 297 108 247
train00565.jpg 1 lighter 99 278 157 399 126 266 157 274 128 390 97 382
train00565.jpg 1 knife 209 338 296 460 255 326 304 348 248 472 199 450
train00565.jpg 1 knife 865 221 1031 277 862 252 1023 217 1030 252 869 286
train00565.jpg 1 OCbottle 85 179 258 396 155 179 251 221 166 412 70 369
train00565.jpg 1 OCbottle 942 179 1026 397 1020 172 1120 225 1016 418 917 365
train00565.jpg 1 pressure 0 0 0 0 504 440 519 362 559 369 543 448
train00565.jpg 1 glassbottle 0 0 0 0 414 592 414 592 414 592 414 592
train00565.jpg 1 electronicequipment 0 0 0 0 762 260 896 201 944 310 809 370
