train00805.jpg 1 battery 136 230 354 330 143 225 354 255 343 333 132 303
train00805.jpg 1 lighter 212 191 335 235 210 204 324 192 327 223 213 235
train00805.jpg 1 electronicequipment 186 345 663 458 188 362 659 345 662 436 191 453
train00805.jpg 1 pressure 275 348 685 413 276 351 634 344 635 402 277 408
train00805.jpg 1 battery 865 212 983 348 858 237 912 182 1030 297 977 352
train00805.jpg 1 lighter 126 178 209 290 90 134 129 127 155 278 116 285
train00805.jpg 1 electronicequipment 154 171 298 217 134 195 304 165 308 190 138 220
train00805.jpg 1 electronicequipment 866 139 1063 337 866 218 948 139 1063 258 981 337
train00805.jpg 1 battery 405 181 445 268 405 185 434 181 445 264 416 268
train00805.jpg 1 pressure 0 0 0 0 349 204 378 189 425 278 396 293
train00805.jpg 1 plasticbottle 0 0 0 0 276 110 322 84 407 228 361 256
train00805.jpg 1 electronicequipment 0 0 0 0 146 160 328 61 344 89 161 189
