train01380.jpg 1 pressure 194 13 370 277 309 14 374 44 262 283 197 252
train01380.jpg 1 knife 159 53 516 213 125 87 486 -16 520 103 160 206
train01380.jpg 1 battery 129 11 239 123 206 33 225 55 139 130 119 108
train01380.jpg 1 lighter 197 6 290 81 192 43 273 -8 294 24 214 76
train01380.jpg 1 lighter 102 61 199 175 172 81 197 102 133 178 108 157
train01380.jpg 1 electronicequipment 171 56 370 244 147 130 241 51 333 161 239 240
train01380.jpg 1 electronicequipment 115 6 281 183 237 3 304 83 172 194 104 114
train01380.jpg 1 pressure 0 0 0 0 392 457 401 380 442 384 431 462
train01380.jpg 1 metalbottle 0 0 0 0 201 344 234 306 369 424 335 463
train01380.jpg 1 battery 0 0 0 0 308 462 322 450 356 488 341 502
