train00987.jpg 1 metalbottle 107 272 465 449 112 349 442 261 469 360 139 448
train00987.jpg 1 glassbottle 147 436 510 660 297 738 138 463 355 337 514 613
train00987.jpg 1 knife 479 171 584 462 485 177 532 169 581 450 535 458
train00987.jpg 1 electronicequipment 204 99 806 580 197 298 663 29 834 326 369 595
train00987.jpg 1 knife 552 294 692 369 550 341 669 285 684 318 565 374
train00987.jpg 1 metalbottle 1110 289 1192 575 1148 291 1222 297 1197 575 1124 569
train00987.jpg 1 battery 352 340 389 385 373 340 389 350 369 385 352 375
train00987.jpg 1 lighter 629 503 707 541 629 510 704 503 707 535 632 541
train00987.jpg 1 OCbottle 266 611 591 697 266 611 591 611 591 697 266 697
train00987.jpg 1 umbrella 0 0 0 0 459 251 477 222 589 290 570 319
train00987.jpg 1 umbrella 0 0 0 0 499 50 553 50 553 168 499 168
train00987.jpg 1 electronicequipment 0 0 0 0 267 405 304 373 449 542 411 575
