train00850.jpg 1 glassbottle 364 324 682 443 365 367 669 329 678 400 374 438
train00850.jpg 1 electronicequipment 235 462 381 587 295 446 380 493 315 610 230 563
train00850.jpg 1 knife 226 385 447 493 234 374 452 476 440 501 223 399
train00850.jpg 1 umbrella 399 387 693 602 397 556 668 374 700 421 429 603
train00850.jpg 1 umbrella 897 313 964 473 886 334 947 303 1025 456 964 487
train00850.jpg 1 lighter 389 576 509 618 382 589 488 596 486 622 380 615
train00850.jpg 1 battery 419 400 465 440 425 400 465 408 459 440 419 432
train00850.jpg 1 umbrella 0 0 0 0 413 651 511 548 539 573 440 677
train00850.jpg 1 metalbottle 0 0 0 0 327 102 466 10 491 47 351 141
train00850.jpg 1 electronicequipment 0 0 0 0 423 184 423 184 423 184 423 184
