train01420.jpg 1 electronicequipment 28 175 109 306 26 186 95 175 115 298 45 309
train01420.jpg 1 knife 570 290 639 422 585 286 642 298 615 425 559 413
train01420.jpg 1 knife 81 298 235 374 88 294 236 339 223 381 75 336
train01420.jpg 1 knife 565 196 677 308 558 279 666 192 690 221 582 309
train01420.jpg 1 lighter 262 248 327 343 263 257 297 246 328 339 293 350
train01420.jpg 1 OCbottle 517 132 803 448 758 115 833 184 582 453 507 384
train01420.jpg 1 metalbottle 128 162 371 460 108 195 297 140 378 424 189 478
train01420.jpg 1 knife 90 329 130 403 88 329 128 328 131 402 91 403
train01420.jpg 1 umbrella 0 0 0 0 281 265 394 226 407 260 292 300
train01420.jpg 1 metalbottle 0 0 0 0 37 155 185 155 185 195 37 195
train01420.jpg 1 electronicequipment 0 0 0 0 103 155 137 135 206 244 171 265
