train00370.jpg 1 knife 209 331 386 520 207 351 234 326 391 501 364 526
train00370.jpg 1 lighter 391 407 516 487 404 406 514 455 501 485 391 436
train00370.jpg 1 OCbottle 485 170 587 363 481 179 575 173 589 369 495 376
train00370.jpg 1 lighter 761 151 796 263 761 155 791 151 805 254 776 258
train00370.jpg 1 lighter 772 180 804 296 768 186 788 182 808 295 788 298
train00370.jpg 1 lighter 785 279 815 398 781 281 801 279 813 394 793 396
train00370.jpg 1 battery 802 337 891 533 803 357 887 339 922 504 838 521
train00370.jpg 1 electronicequipment 794 98 887 260 798 96 880 96 880 252 798 252
train00370.jpg 1 metalbottle 328 7 536 144 338 1 541 23 527 148 325 126
train00370.jpg 1 pressure 95 422 400 500 90 427 360 422 361 497 91 501
train00370.jpg 1 glassbottle 814 242 886 329 823 239 905 258 888 333 806 314
train00370.jpg 1 battery 804 322 828 393 804 322 827 322 828 392 806 393
train00370.jpg 1 plasticbottle 0 0 0 0 287 104 327 72 439 211 398 244
train00370.jpg 1 battery 0 0 0 0 403 232 403 232 403 232 403 232
train00370.jpg 1 electronicequipment 0 0 0 0 185 310 241 298 280 471 224 484
