train00673.jpg 1 knife 156 170 347 271 156 231 336 193 344 229 164 268
train00673.jpg 1 lighter 204 151 323 181 211 158 325 162 325 187 210 183
train00673.jpg 1 pressure 248 221 534 350 258 214 535 248 523 347 246 313
train00673.jpg 1 OCbottle 688 114 758 312 698 112 758 116 744 306 685 302
train00673.jpg 1 lighter 315 299 407 353 323 318 401 326 398 350 321 342
train00673.jpg 1 lighter 424 193 520 237 429 193 520 214 515 237 424 216
train00673.jpg 1 battery 382 214 457 246 384 214 457 220 455 246 382 239
train00673.jpg 1 battery 461 204 538 243 466 204 538 218 533 243 461 229
train00673.jpg 1 umbrella 0 0 0 0 166 518 216 487 289 601 238 633
train00673.jpg 1 plasticbottle 0 0 0 0 299 374 439 268 479 320 337 426
train00673.jpg 1 battery 0 0 0 0 77 597 125 597 125 615 77 615
