train01392.jpg 1 OCbottle 4 90 271 222 2 81 286 116 272 232 -11 197
train01392.jpg 1 pressure 8 197 115 536 30 183 125 201 66 508 -29 489
train01392.jpg 1 OCbottle 477 123 592 307 508 109 609 142 552 317 451 284
train01392.jpg 1 electronicequipment 410 153 479 361 422 157 490 168 457 373 389 362
train01392.jpg 1 knife 411 70 467 182 413 69 471 71 467 196 408 194
train01392.jpg 1 OCbottle 7 209 82 476 -87 227 14 197 91 466 -10 495
train01392.jpg 1 electronicequipment 416 199 509 321 417 212 512 215 508 322 413 319
train01392.jpg 1 metalbottle 0 0 0 0 21 151 42 112 184 190 162 230
train01392.jpg 1 battery 0 0 0 0 278 451 290 429 368 473 355 496
train01392.jpg 1 electronicequipment 0 0 0 0 550 402 653 353 664 376 560 426
