train01438.jpg 1 metalbottle 71 392 276 507 93 390 280 444 261 513 73 460
train01438.jpg 1 battery 101 190 277 400 231 192 285 236 161 389 107 345
train01438.jpg 1 electronicequipment 106 356 277 497 198 326 277 386 182 511 103 451
train01438.jpg 1 knife 106 241 350 470 103 459 340 237 358 256 120 477
train01438.jpg 1 glassbottle 130 265 412 493 141 423 373 261 417 323 185 486
train01438.jpg 1 umbrella 975 416 1139 527 1002 412 1156 488 1133 535 979 460
train01438.jpg 1 OCbottle 935 341 1015 490 959 341 1015 351 991 490 935 480
train01438.jpg 1 OCbottle 997 254 1132 405 1041 254 1131 292 1078 417 988 379
train01438.jpg 1 knife 952 484 1148 556 955 484 1148 546 1144 556 952 494
train01438.jpg 1 umbrella 0 0 0 0 770 308 860 201 890 225 799 333
train01438.jpg 1 pressure 0 0 0 0 465 432 488 360 525 371 501 444
train01438.jpg 1 pressure 0 0 0 0 306 86 312 56 408 76 402 107
