train01106.jpg 1 OCbottle 560 135 672 381 560 135 672 135 672 381 560 381
train01106.jpg 1 metalbottle 96 199 214 440 85 208 178 192 220 429 127 445
train01106.jpg 1 umbrella 337 245 451 545 339 244 453 246 448 545 334 543
train01106.jpg 1 pressure 449 190 556 445 455 184 556 190 542 447 442 441
train01106.jpg 1 umbrella 867 381 941 474 867 381 941 381 941 474 867 474
train01106.jpg 1 lighter 307 105 428 138 307 105 428 105 428 138 307 138
train01106.jpg 1 pressure 780 190 878 437 771 196 850 184 889 429 810 441
train01106.jpg 1 battery 221 341 269 400 225 341 269 344 265 400 221 397
train01106.jpg 1 pressure 0 0 0 0 263 182 309 180 314 257 266 260
train01106.jpg 1 metalbottle 0 0 0 0 80 534 106 501 236 604 209 638
train01106.jpg 1 battery 0 0 0 0 200 305 212 257 232 262 218 311
