train00993.jpg 1 electronicequipment 267 396 434 588 357 391 438 445 341 589 260 534
train00993.jpg 1 electronicequipment 138 318 548 522 131 340 540 311 554 515 145 544
train00993.jpg 1 knife 198 354 246 607 209 350 249 353 231 606 192 604
train00993.jpg 1 lighter 141 310 265 350 143 320 264 299 268 327 148 348
train00993.jpg 1 lighter 162 309 280 350 157 340 275 306 282 331 164 365
train00993.jpg 1 knife 158 492 345 578 153 540 330 475 345 516 168 581
train00993.jpg 1 electronicequipment 160 420 275 574 159 425 260 414 274 554 173 565
train00993.jpg 1 battery 118 364 134 424 118 365 132 364 134 424 120 424
train00993.jpg 1 umbrella 0 0 0 0 525 261 558 243 622 355 587 374
train00993.jpg 1 electronicequipment 0 0 0 0 116 94 120 83 220 127 215 139
train00993.jpg 1 lighter 0 0 0 0 629 119 637 105 689 137 680 151
