train00721.jpg 1 knife 398 123 576 396 381 138 404 123 578 380 555 395
train00721.jpg 1 knife 371 189 500 371 358 195 381 179 512 366 489 382
train00721.jpg 1 knife 316 247 464 396 307 264 327 243 472 384 452 404
train00721.jpg 1 knife 229 257 408 442 230 270 250 252 413 427 394 446
train00721.jpg 1 knife 140 195 332 475 113 224 153 193 365 464 325 495
train00721.jpg 1 knife 157 307 265 485 156 311 174 301 276 484 257 494
train00721.jpg 1 lighter 232 283 290 390 258 281 290 289 266 392 235 385
train00721.jpg 1 umbrella 46 181 436 414 32 323 423 157 467 263 77 428
train00721.jpg 1 pressure 0 0 0 0 241 416 250 377 327 396 317 436
train00721.jpg 1 pressure 0 0 0 0 405 122 434 109 478 198 449 213
train00721.jpg 1 metalbottle 0 0 0 0 458 364 478 321 622 390 601 433
