train00806.jpg 1 pressure 273 192 476 275 280 190 476 200 473 268 276 258
train00806.jpg 1 electronicequipment 185 310 400 458 173 384 383 312 410 388 200 460
train00806.jpg 1 lighter 121 234 145 350 122 233 146 234 143 350 119 349
train00806.jpg 1 battery 788 288 809 376 788 288 808 288 809 375 789 376
train00806.jpg 1 OCbottle 160 125 307 214 169 125 307 142 298 214 160 197
train00806.jpg 1 battery 290 52 321 124 290 54 314 52 321 122 296 124
train00806.jpg 1 metalbottle 281 246 450 436 310 246 450 270 421 436 281 411
train00806.jpg 1 electronicequipment 239 120 350 276 281 120 350 141 309 276 239 254
train00806.jpg 1 pressure 0 0 0 0 56 174 63 76 95 77 87 176
train00806.jpg 1 battery 0 0 0 0 127 294 152 250 169 259 143 304
train00806.jpg 1 battery 0 0 0 0 306 236 341 215 388 289 352 312
